 0.035
 0.030
 0.025
 0.020
 0.015
 0.010
 0.005
 0.010
 0.020
 0.030
 0.050
 0.065
 0.085
 0.095
 0.100
 0.100
 0.090
 0.080
 0.060
 0.045
 0.030
 0.015
 0.010
 0.010
 0.015
 0.020
 0.030
 0.040
 0.050
 0.055
 0.060
 0.060
 0.060
 0.055
 0.045
 0.040
 0.035
 0.025
 0.020
 0.015
 0.010
 0.005
 0.005
 0.005
 0.005
 0.010
 0.020
 0.025
 0.035
 0.040
 0.040
 0.035
 0.025
 0.020
 0.015
 0.020
 0.025
 0.035
 0.050
 0.060
 0.065
 0.055
 0.040
 0.010
 -0.025
 -0.055
 -0.080
 -0.095
 -0.085
 -0.065
 -0.035
 0.005
 0.040
 0.065
 0.075
 0.070
 0.055
 0.030
 0.005
 -0.015
 -0.025
 -0.025
 -0.020
 -0.005
 0.010
 0.025
 0.035
 0.035
 0.035
 0.030
 0.025
 0.020
 0.020
 0.025
 0.025
 0.025
 0.020
 0.015
 0.005
 -0.010
 -0.020
 -0.030
 -0.035
 -0.040
 -0.040
 -0.040
 -0.040
 -0.045
 -0.055
 -0.060
 -0.065
 -0.065
 -0.055
 -0.045
 -0.025
 -0.005
 0.010
 0.025
 0.025
 0.015
 0.000
 -0.020
 -0.045
 -0.065
 -0.080
 -0.085
 -0.080
 -0.075
 -0.060
 -0.055
 -0.045
 -0.045
 -0.050
 -0.055
 -0.060
 -0.060
 -0.060
 -0.055
 -0.045
 -0.035
 -0.025
 -0.025
 -0.030
 -0.040
 -0.050
 -0.070
 -0.080
 -0.090
 -0.095
 -0.095
 -0.090
 -0.085
 -0.085
 -0.085
 -0.085
 -0.090
 -0.095
 -0.100
 -0.100
 -0.095
 -0.090
 -0.085
 -0.080
 -0.080
 -0.080
 -0.085
 -0.090
 -0.090
 -0.090
 -0.085
 -0.075
 -0.065
 -0.055
 -0.045
 -0.045
 -0.045
 -0.050
 -0.055
 -0.055
 -0.055
 -0.045
 -0.035
 -0.020
 -0.005
 0.005
 0.005
 0.000
 -0.010
 -0.030
 -0.055
 -0.075
 -0.090
 -0.095
 -0.095
 -0.090
 -0.075
 -0.060
 -0.045
 -0.035
 -0.035
 -0.040
 -0.050
 -0.060
 -0.075
 -0.085
 -0.095
 -0.100
 -0.100
 -0.105
 -0.105
 -0.105
 -0.110
 -0.115
 -0.125
 -0.130
 -0.140
 -0.145
 -0.145
 -0.145
 -0.135
 -0.125
 -0.110
 -0.100
 -0.085
 -0.075
 -0.070
 -0.065
 -0.075
 -0.085
 -0.100
 -0.115
 -0.135
 -0.155
 -0.165
 -0.175
 -0.175
 -0.175
 -0.165
 -0.160
 -0.150
 -0.140
 -0.135
 -0.130
 -0.130
 -0.130
 -0.125
 -0.125
 -0.120
 -0.115
 -0.105
 -0.095
 -0.085
 -0.075
 -0.070
 -0.060
 -0.055
 -0.045
 -0.035
 -0.015
 0.015
 0.055
 0.105
 0.165
 0.220
 0.280
 0.325
 0.355
 0.370
 0.360
 0.340
 0.305
 0.265
 0.225
 0.190
 0.160
 0.130
 0.105
 0.080
 0.055
 0.020
 -0.015
 -0.050
 -0.080
 -0.095
 -0.100
 -0.095
 -0.075
 -0.055
 -0.030
 -0.020
 -0.020
 -0.035
 -0.060
 -0.095
 -0.130
 -0.155
 -0.170
 -0.170
 -0.155
 -0.130
 -0.105
 -0.085
 -0.075
 -0.075
 -0.085
 -0.100
 -0.120
 -0.130
 -0.130
 -0.120
 -0.100
 -0.075
 -0.045
 -0.025
 -0.010
 -0.010
 -0.015
 -0.030
 -0.045
 -0.060
 -0.075
 -0.075
 -0.070
 -0.060
 -0.045
 -0.030
 -0.015
 -0.005
 0.000
 0.005
 0.005
 0.000
 0.000
 0.000
 -0.005
 -0.005
 -0.005
 -0.005
 -0.005
 -0.005
 -0.005
 -0.005
 -0.005
 0.000
 0.005
 0.015
 0.025
 0.040
 0.045
 0.055
 0.060
 0.055
 0.050
 0.040
 0.025
 0.010
 -0.005
 -0.015
 -0.020
 -0.025
 -0.020
 -0.010
 0.005
 0.020
 0.040
 0.055
 0.070
 0.080
 0.095
 0.105
 0.115
 0.125
 0.130
 0.140
 0.140
 0.140
 0.135
 0.130
 0.125
 0.115
 0.115
 0.120
 0.130
 0.145
 0.160
 0.170
 0.180
 0.180
 0.170
 0.155
 0.140
 0.130
 0.120
 0.125
 0.135
 0.155
 0.175
 0.200
 0.220
 0.235
 0.240
 0.245
 0.245
 0.245
 0.245
 0.250
 0.255
 0.260
 0.265
 0.270
 0.265
 0.260
 0.250
 0.245
 0.235
 0.225
 0.215
 0.205
 0.195
 0.180
 0.165
 0.150
 0.130
 0.120
 0.115
 0.115
 0.115
 0.120
 0.120
 0.115
 0.100
 0.080
 0.050
 0.020
 -0.005
 -0.020
 -0.025
 -0.020
 -0.005
 0.005
 0.015
 0.020
 0.010
 0.000
 -0.020
 -0.035
 -0.045
 -0.050
 -0.040
 -0.025
 -0.005
 0.010
 0.015
 0.015
 0.000
 -0.020
 -0.035
 -0.050
 -0.055
 -0.055
 -0.040
 -0.025
 -0.015
 -0.010
 -0.010
 -0.020
 -0.040
 -0.055
 -0.065
 -0.070
 -0.060
 -0.040
 -0.015
 0.010
 0.030
 0.040
 0.040
 0.030
 0.005
 -0.020
 -0.045
 -0.065
 -0.080
 -0.090
 -0.095
 -0.100
 -0.100
 -0.100
 -0.100
 -0.100
 -0.095
 -0.095
 -0.090
 -0.080
 -0.075
 -0.070
 -0.070
 -0.070
 -0.075
 -0.080
 -0.080
 -0.080
 -0.075
 -0.065
 -0.050
 -0.035
 -0.020
 -0.010
 -0.005
 -0.005
 -0.010
 -0.020
 -0.040
 -0.055
 -0.075
 -0.090
 -0.100
 -0.105
 -0.095
 -0.075
 -0.050
 -0.015
 0.015
 0.035
 0.050
 0.045
 0.025
 -0.005
 -0.045
 -0.080
 -0.110
 -0.130
 -0.135
 -0.125
 -0.110
 -0.085
 -0.060
 -0.045
 -0.030
 -0.030
 -0.035
 -0.040
 -0.040
 -0.045
 -0.040
 -0.030
 -0.020
 -0.010
 -0.005
 -0.005
 -0.005
 -0.010
 -0.020
 -0.020
 -0.025
 -0.020
 -0.015
 -0.010
 0.000
 0.005
 0.005
 0.000
 -0.015
 -0.035
 -0.060
 -0.085
 -0.110
 -0.125
 -0.135
 -0.135
 -0.130
 -0.110
 -0.090
 -0.065
 -0.050
 -0.040
 -0.045
 -0.055
 -0.070
 -0.090
 -0.105
 -0.115
 -0.115
 -0.105
 -0.085
 -0.065
 -0.045
 -0.030
 -0.020
 -0.020
 -0.025
 -0.030
 -0.040
 -0.040
 -0.035
 -0.035
 -0.030
 -0.030
 -0.035
 -0.050
 -0.070
 -0.090
 -0.115
 -0.130
 -0.135
 -0.135
 -0.130
 -0.120
 -0.115
 -0.110
 -0.115
 -0.125
 -0.140
 -0.150
 -0.155
 -0.155
 -0.150
 -0.135
 -0.115
 -0.095
 -0.075
 -0.060
 -0.055
 -0.055
 -0.060
 -0.070
 -0.080
 -0.095
 -0.105
 -0.120
 -0.130
 -0.135
 -0.140
 -0.135
 -0.130
 -0.120
 -0.110
 -0.100
 -0.090
 -0.090
 -0.100
 -0.115
 -0.135
 -0.155
 -0.180
 -0.190
 -0.195
 -0.190
 -0.175
 -0.150
 -0.125
 -0.100
 -0.080
 -0.070
 -0.070
 -0.080
 -0.095
 -0.110
 -0.125
 -0.130
 -0.130
 -0.125
 -0.115
 -0.100
 -0.085
 -0.075
 -0.070
 -0.065
 -0.070
 -0.080
 -0.095
 -0.110
 -0.125
 -0.140
 -0.145
 -0.145
 -0.140
 -0.125
 -0.110
 -0.090
 -0.070
 -0.055
 -0.045
 -0.045
 -0.050
 -0.065
 -0.085
 -0.105
 -0.120
 -0.125
 -0.130
 -0.125
 -0.115
 -0.100
 -0.090
 -0.090
 -0.090
 -0.095
 -0.110
 -0.120
 -0.130
 -0.135
 -0.135
 -0.125
 -0.110
 -0.100
 -0.085
 -0.080
 -0.075
 -0.080
 -0.090
 -0.100
 -0.110
 -0.110
 -0.110
 -0.105
 -0.095
 -0.085
 -0.070
 -0.065
 -0.060
 -0.065
 -0.070
 -0.075
 -0.080
 -0.090
 -0.095
 -0.095
 -0.100
 -0.105
 -0.110
 -0.115
 -0.125
 -0.125
 -0.125
 -0.120
 -0.110
 -0.090
 -0.070
 -0.045
 -0.025
 -0.015
 -0.005
 -0.005
 -0.005
 -0.015
 -0.020
 -0.025
 -0.025
 -0.020
 -0.020
 -0.015
 -0.015
 -0.015
 -0.020
 -0.020
 -0.020
 -0.020
 -0.010
 0.000
 0.015
 0.030
 0.040
 0.045
 0.040
 0.030
 0.015
 0.000
 -0.010
 -0.010
 -0.005
 0.010
 0.025
 0.045
 0.055
 0.055
 0.050
 0.035
 0.020
 0.005
 -0.010
 -0.015
 -0.015
 -0.010
 -0.005
 -0.005
 -0.005
 -0.015
 -0.025
 -0.040
 -0.050
 -0.055
 -0.060
 -0.050
 -0.040
 -0.025
 -0.015
 -0.005
 -0.005
 -0.010
 -0.020
 -0.030
 -0.040
 -0.045
 -0.045
 -0.040
 -0.025
 -0.010
 0.010
 0.020
 0.030
 0.035
 0.035
 0.030
 0.030
 0.025
 0.020
 0.020
 0.015
 0.015
 0.020
 0.030
 0.050
 0.080
 0.125
 0.190
 0.260
 0.340
 0.415
 0.480
 0.525
 0.545
 0.540
 0.510
 0.470
 0.415
 0.365
 0.325
 0.290
 0.270
 0.255
 0.245
 0.230
 0.210
 0.185
 0.150
 0.110
 0.075
 0.045
 0.030
 0.030
 0.045
 0.070
 0.105
 0.135
 0.160
 0.170
 0.170
 0.155
 0.135
 0.105
 0.080
 0.060
 0.045
 0.045
 0.050
 0.060
 0.075
 0.090
 0.095
 0.100
 0.090
 0.080
 0.060
 0.040
 0.025
 0.015
 0.010
 0.015
 0.030
 0.055
 0.080
 0.105
 0.130
 0.150
 0.160
 0.160
 0.155
 0.140
 0.125
 0.115
 0.105
 0.100
 0.105
 0.110
 0.125
 0.135
 0.150
 0.160
 0.165
 0.165
 0.165
 0.160
 0.155
 0.150
 0.150
 0.150
 0.150
 0.155
 0.160
 0.170
 0.175
 0.185
 0.195
 0.200
 0.210
 0.215
 0.215
 0.215
 0.205
 0.200
 0.190
 0.180
 0.170
 0.165
 0.165
 0.170
 0.175
 0.190
 0.200
 0.215
 0.220
 0.230
 0.230
 0.235
 0.235
 0.235
 0.240
 0.255
 0.270
 0.285
 0.305
 0.320
 0.335
 0.340
 0.340
 0.330
 0.325
 0.315
 0.310
 0.310
 0.320
 0.335
 0.355
 0.380
 0.400
 0.420
 0.430
 0.440
 0.440
 0.445
 0.450
 0.455
 0.460
 0.470
 0.475
 0.480
 0.475
 0.460
 0.440
 0.405
 0.370
 0.335
 0.295
 0.265
 0.240
 0.225
 0.215
 0.210
 0.205
 0.205
 0.200
 0.190
 0.180
 0.165
 0.150
 0.130
 0.105
 0.085
 0.065
 0.050
 0.035
 0.025
 0.020
 0.015
 0.015
 0.015
 0.015
 0.010
 0.000
 -0.015
 -0.035
 -0.060
 -0.080
 -0.100
 -0.110
 -0.115
 -0.115
 -0.110
 -0.105
 -0.100
 -0.100
 -0.105
 -0.115
 -0.130
 -0.140
 -0.150
 -0.150
 -0.145
 -0.130
 -0.115
 -0.095
 -0.085
 -0.080
 -0.080
 -0.085
 -0.100
 -0.105
 -0.110
 -0.110
 -0.100
 -0.090
 -0.075
 -0.070
 -0.075
 -0.095
 -0.125
 -0.160
 -0.200
 -0.235
 -0.255
 -0.260
 -0.245
 -0.220
 -0.185
 -0.150
 -0.125
 -0.110
 -0.105
 -0.120
 -0.140
 -0.160
 -0.180
 -0.190
 -0.185
 -0.170
 -0.150
 -0.125
 -0.100
 -0.090
 -0.085
 -0.095
 -0.110
 -0.130
 -0.150
 -0.165
 -0.170
 -0.170
 -0.160
 -0.150
 -0.135
 -0.120
 -0.110
 -0.105
 -0.100
 -0.100
 -0.100
 -0.100
 -0.105
 -0.105
 -0.110
 -0.115
 -0.120
 -0.125
 -0.125
 -0.130
 -0.125
 -0.120
 -0.115
 -0.105
 -0.100
 -0.095
 -0.090
 -0.095
 -0.105
 -0.120
 -0.135
 -0.155
 -0.175
 -0.190
 -0.200
 -0.205
 -0.200
 -0.190
 -0.180
 -0.165
 -0.150
 -0.135
 -0.125
 -0.120
 -0.115
 -0.115
 -0.110
 -0.105
 -0.095
 -0.090
 -0.080
 -0.070
 -0.060
 -0.055
 -0.055
 -0.065
 -0.075
 -0.085
 -0.095
 -0.105
 -0.110
 -0.110
 -0.100
 -0.090
 -0.075
 -0.065
 -0.055
 -0.050
 -0.050
 -0.060
 -0.075
 -0.090
 -0.110
 -0.125
 -0.135
 -0.140
 -0.140
 -0.135
 -0.125
 -0.115
 -0.105
 -0.100
 -0.095
 -0.095
 -0.095
 -0.100
 -0.110
 -0.115
 -0.120
 -0.125
 -0.120
 -0.115
 -0.110
 -0.100
 -0.090
 -0.085
 -0.085
 -0.085
 -0.090
 -0.095
 -0.100
 -0.105
 -0.105
 -0.100
 -0.095
 -0.085
 -0.080
 -0.080
 -0.080
 -0.090
 -0.100
 -0.110
 -0.120
 -0.125
 -0.120
 -0.115
 -0.105
 -0.090
 -0.080
 -0.070
 -0.070
 -0.075
 -0.085
 -0.095
 -0.105
 -0.105
 -0.105
 -0.095
 -0.080
 -0.060
 -0.045
 -0.025
 -0.015
 -0.015
 -0.015
 -0.025
 -0.035
 -0.040
 -0.050
 -0.055
 -0.055
 -0.055
 -0.055
 -0.055
 -0.055
 -0.055
 -0.055
 -0.055
 -0.055
 -0.050
 -0.040
 -0.030
 -0.025
 -0.015
 -0.010
 -0.010
 -0.015
 -0.025
 -0.035
 -0.050
 -0.060
 -0.065
 -0.065
 -0.065
 -0.055
 -0.045
 -0.040
 -0.030
 -0.025
 -0.025
 -0.025
 -0.030
 -0.035
 -0.040
 -0.045
 -0.045
 -0.050
 -0.055
 -0.065
 -0.070
 -0.080
 -0.090
 -0.095
 -0.105
 -0.110
 -0.110
 -0.115
 -0.115
 -0.115
 -0.120
 -0.120
 -0.115
 -0.115
 -0.105
 -0.095
 -0.080
 -0.070
 -0.055
 -0.050
 -0.050
 -0.055
 -0.060
 -0.075
 -0.085
 -0.090
 -0.085
 -0.080
 -0.070
 -0.055
 -0.040
 -0.030
 -0.025
 -0.025
 -0.035
 -0.045
 -0.050
 -0.060
 -0.060
 -0.055
 -0.045
 -0.025
 0.000
 0.035
 0.075
 0.125
 0.180
 0.240
 0.295
 0.345
 0.385
 0.405
 0.405
 0.385
 0.350
 0.300
 0.250
 0.200
 0.160
 0.130
 0.110
 0.095
 0.080
 0.060
 0.035
 0.000
 -0.035
 -0.070
 -0.100
 -0.115
 -0.120
 -0.110
 -0.090
 -0.065
 -0.040
 -0.020
 -0.005
 0.000
 0.000
 0.000
 -0.005
 -0.010
 -0.010
 -0.010
 -0.015
 -0.020
 -0.035
 -0.050
 -0.065
 -0.085
 -0.095
 -0.100
 -0.100
 -0.090
 -0.070
 -0.055
 -0.035
 -0.025
 -0.015
 -0.015
 -0.020
 -0.025
 -0.030
 -0.030
 -0.030
 -0.030
 -0.025
 -0.020
 -0.020
 -0.020
 -0.025
 -0.035
 -0.040
 -0.045
 -0.050
 -0.045
 -0.040
 -0.030
 -0.015
 0.000
 0.015
 0.020
 0.025
 0.020
 0.010
 -0.010
 -0.025
 -0.045
 -0.060
 -0.065
 -0.065
 -0.060
 -0.045
 -0.025
 -0.005
 0.010
 0.025
 0.030
 0.030
 0.025
 0.015
 0.005
 0.000
 -0.005
 0.000
 0.005
 0.020
 0.035
 0.050
 0.065
 0.075
 0.080
 0.085
 0.080
 0.070
 0.065
 0.050
 0.045
 0.035
 0.030
 0.030
 0.030
 0.035
 0.040
 0.050
 0.060
 0.070
 0.085
 0.095
 0.110
 0.125
 0.140
 0.150
 0.165
 0.175
 0.180
 0.190
 0.195
 0.200
 0.210
 0.220
 0.230
 0.245
 0.260
 0.265
 0.270
 0.270
 0.255
 0.240
 0.220
 0.200
 0.185
 0.175
 0.175
 0.180
 0.190
 0.205
 0.215
 0.225
 0.225
 0.220
 0.200
 0.180
 0.155
 0.130
 0.110
 0.090
 0.080
 0.070
 0.070
 0.070
 0.075
 0.075
 0.075
 0.070
 0.065
 0.050
 0.035
 0.020
 0.005
 -0.010
 -0.025
 -0.035
 -0.045
 -0.050
 -0.050
 -0.055
 -0.050
 -0.050
 -0.050
 -0.045
 -0.045
 -0.050
 -0.055
 -0.060
 -0.070
 -0.075
 -0.085
 -0.095
 -0.095
 -0.095
 -0.090
 -0.075
 -0.060
 -0.040
 -0.025
 -0.010
 -0.010
 -0.010
 -0.020
 -0.040
 -0.060
 -0.080
 -0.090
 -0.100
 -0.095
 -0.085
 -0.070
 -0.055
 -0.040
 -0.030
 -0.025
 -0.030
 -0.040
 -0.050
 -0.065
 -0.080
 -0.090
 -0.095
 -0.095
 -0.095
 -0.090
 -0.090
 -0.085
 -0.080
 -0.075
 -0.070
 -0.065
 -0.060
 -0.055
 -0.050
 -0.045
 -0.050
 -0.055
 -0.060
 -0.070
 -0.080
 -0.085
 -0.090
 -0.090
 -0.090
 -0.085
 -0.080
 -0.070
 -0.060
 -0.050
 -0.040
 -0.030
 -0.020
 -0.015
 -0.010
 -0.010
 -0.010
 -0.020
 -0.035
 -0.055
 -0.070
 -0.080
 -0.085
 -0.085
 -0.070
 -0.050
 -0.020
 0.005
 0.025
 0.040
 0.040
 0.030
 0.010
 -0.020
 -0.045
 -0.070
 -0.085
 -0.085
 -0.080
 -0.065
 -0.050
 -0.030
 -0.020
 -0.015
 -0.020
 -0.030
 -0.045
 -0.055
 -0.065
 -0.065
 -0.060
 -0.050
 -0.040
 -0.030
 -0.030
 -0.035
 -0.040
 -0.050
 -0.055
 -0.050
 -0.040
 -0.025
 -0.010
 0.005
 0.015
 0.010
 -0.010
 -0.035
 -0.065
 -0.090
 -0.110
 -0.110
 -0.100
 -0.070
 -0.035
 0.000
 0.030
 0.050
 0.055
 0.045
 0.030
 0.005
 -0.015
 -0.035
 -0.045
 -0.050
 -0.045
 -0.040
 -0.030
 -0.025
 -0.015
 -0.010
 -0.005
 -0.005
 0.000
 0.000
 0.000
 -0.005
 -0.010
 -0.015
 -0.015
 -0.020
 -0.020
 -0.015
 -0.010
 -0.005
 0.000
 0.005
 0.005
 0.000
 -0.005
 -0.015
 -0.020
 -0.030
 -0.030
 -0.025
 -0.020
 -0.010
 0.005
 0.015
 0.020
 0.025
 0.025
 0.025
 0.015
 0.010
 0.000
 -0.010
 -0.015
 -0.025
 -0.030
 -0.035
 -0.040
 -0.040
 -0.040
 -0.040
 -0.035
 -0.030
 -0.020
 -0.010
 0.000
 0.010
 0.020
 0.030
 0.040
 0.050
 0.050
 0.050
 0.050
 0.045
 0.040
 0.035
 0.035
 0.035
 0.045
 0.050
 0.065
 0.070
 0.080
 0.080
 0.075
 0.065
 0.045
 0.030
 0.010
 0.000
 -0.005
 -0.005
 0.005
 0.020
 0.035
 0.055
 0.070
 0.075
 0.075
 0.070
 0.060
 0.045
 0.035
 0.020
 0.015
 0.010
 0.015
 0.020
 0.030
 0.035
 0.040
 0.040
 0.035
 0.030
 0.015
 0.000
 -0.020
 -0.035
 -0.050
 -0.060
 -0.070
 -0.070
 -0.065
 -0.055
 -0.040
 -0.020
 0.000
 0.020
 0.035
 0.040
 0.035
 0.025
 0.005
 -0.020
 -0.045
 -0.060
 -0.065
 -0.065
 -0.050
 -0.035
 -0.015
 0.000
 0.010
 0.005
 -0.005
 -0.025
 -0.045
 -0.060
 -0.070
 -0.070
 -0.060
 -0.045
 -0.030
 -0.020
 -0.015
 -0.015
 -0.020
 -0.025
 -0.020
 -0.005
 0.030
 0.080
 0.145
 0.225
 0.300
 0.375
 0.430
 0.465
 0.480
 0.475
 0.450
 0.415
 0.375
 0.335
 0.295
 0.260
 0.230
 0.200
 0.175
 0.145
 0.110
 0.070
 0.030
 -0.005
 -0.040
 -0.060
 -0.070
 -0.065
 -0.050
 -0.025
 0.005
 0.030
 0.050
 0.055
 0.050
 0.035
 0.010
 -0.015
 -0.040
 -0.060
 -0.070
 -0.075
 -0.065
 -0.055
 -0.040
 -0.030
 -0.025
 -0.020
 -0.025
 -0.030
 -0.035
 -0.035
 -0.035
 -0.030
 -0.025
 -0.020
 -0.020
 -0.020
 -0.020
 -0.015
 -0.015
 -0.010
 -0.005
 0.000
 0.005
 0.005
 0.000
 -0.010
 -0.025
 -0.045
 -0.065
 -0.080
 -0.090
 -0.095
 -0.090
 -0.080
 -0.060
 -0.045
 -0.025
 -0.010
 0.000
 0.010
 0.015
 0.015
 0.015
 0.010
 0.005
 0.000
 0.000
 -0.005
 -0.005
 0.000
 0.005
 0.010
 0.020
 0.025
 0.030
 0.035
 0.030
 0.025
 0.020
 0.015
 0.010
 0.005
 0.010
 0.010
 0.010
 0.010
 0.010
 0.010
 0.005
 0.005
 0.005
 0.015
 0.030
 0.050
 0.070
 0.095
 0.115
 0.130
 0.140
 0.145
 0.145
 0.145
 0.140
 0.135
 0.135
 0.135
 0.140
 0.145
 0.145
 0.150
 0.155
 0.160
 0.160
 0.160
 0.165
 0.165
 0.170
 0.180
 0.185
 0.195
 0.210
 0.220
 0.230
 0.235
 0.240
 0.235
 0.225
 0.215
 0.200
 0.190
 0.185
 0.185
 0.185
 0.190
 0.190
 0.185
 0.175
 0.155
 0.125
 0.100
 0.075
 0.055
 0.045
 0.045
 0.045
 0.050
 0.050
 0.045
 0.030
 0.010
 -0.010
 -0.030
 -0.040
 -0.045
 -0.035
 -0.015
 0.010
 0.025
 0.040
 0.035
 0.020
 -0.005
 -0.040
 -0.070
 -0.100
 -0.115
 -0.120
 -0.110
 -0.095
 -0.075
 -0.055
 -0.040
 -0.035
 -0.035
 -0.045
 -0.065
 -0.080
 -0.100
 -0.110
 -0.115
 -0.110
 -0.100
 -0.080
 -0.060
 -0.040
 -0.030
 -0.025
 -0.035
 -0.050
 -0.070
 -0.090
 -0.105
 -0.115
 -0.115
 -0.110
 -0.095
 -0.085
 -0.080
 -0.085
 -0.095
 -0.115
 -0.135
 -0.155
 -0.165
 -0.165
 -0.155
 -0.135
 -0.110
 -0.075
 -0.050
 -0.025
 -0.015
 -0.010
 -0.015
 -0.025
 -0.040
 -0.055
 -0.070
 -0.080
 -0.085
 -0.090
 -0.085
 -0.085
 -0.085
 -0.080
 -0.085
 -0.090
 -0.095
 -0.110
 -0.125
 -0.140
 -0.150
 -0.160
 -0.160
 -0.155
 -0.145
 -0.135
 -0.115
 -0.100
 -0.090
 -0.085
 -0.080
 -0.080
 -0.080
 -0.085
 -0.085
 -0.085
 -0.080
 -0.080
 -0.075
 -0.075
 -0.070
 -0.075
 -0.075
 -0.075
 -0.070
 -0.065
 -0.055
 -0.045
 -0.035
 -0.025
 -0.020
 -0.015
 -0.020
 -0.030
 -0.045
 -0.060
 -0.080
 -0.095
 -0.105
 -0.115
 -0.120
 -0.120
 -0.120
 -0.115
 -0.115
 -0.120
 -0.120
 -0.125
 -0.125
 -0.125
 -0.120
 -0.110
 -0.090
 -0.075
 -0.055
 -0.035
 -0.020
 -0.015
 -0.020
 -0.025
 -0.040
 -0.060
 -0.075
 -0.085
 -0.095
 -0.095
 -0.090
 -0.085
 -0.075
 -0.070
 -0.065
 -0.065
 -0.070
 -0.075
 -0.075
 -0.075
 -0.075
 -0.070
 -0.065
 -0.065
 -0.070
 -0.075
 -0.090
 -0.105
 -0.120
 -0.130
 -0.135
 -0.130
 -0.120
 -0.105
 -0.090
 -0.070
 -0.060
 -0.055
 -0.055
 -0.060
 -0.065
 -0.075
 -0.085
 -0.090
 -0.090
 -0.090
 -0.085
 -0.080
 -0.080
 -0.075
 -0.070
 -0.065
 -0.065
 -0.065
 -0.065
 -0.070
 -0.075
 -0.085
 -0.095
 -0.105
 -0.115
 -0.115
 -0.115
 -0.105
 -0.095
 -0.085
 -0.070
 -0.065
 -0.060
 -0.060
 -0.065
 -0.070
 -0.075
 -0.080
 -0.080
 -0.080
 -0.075
 -0.070
 -0.060
 -0.055
 -0.050
 -0.040
 -0.035
 -0.025
 -0.015
 -0.005
 0.005
 0.020
 0.030
 0.035
 0.040
 0.040
 0.035
 0.030
 0.020
 0.010
 -0.005
 -0.015
 -0.030
 -0.035
 -0.045
 -0.050
 -0.050
 -0.050
 -0.050
 -0.050
 -0.045
 -0.045
 -0.050
 -0.050
 -0.055
 -0.055
 -0.055
 -0.050
 -0.045
 -0.040
 -0.030
 -0.015
 -0.010
 0.000
 0.000
 -0.005
 -0.010
 -0.025
 -0.040
 -0.060
 -0.075
 -0.085
 -0.090
 -0.090
 -0.080
 -0.065
 -0.045
 -0.025
 -0.010
 0.005
 0.015
 0.020
 0.015
 0.005
 -0.010
 -0.025
 -0.045
 -0.060
 -0.075
 -0.090
 -0.100
 -0.105
 -0.105
 -0.095
 -0.080
 -0.060
 -0.040
 -0.015
 0.005
 0.020
 0.040
 0.055
 0.080
 0.110
 0.155
 0.210
 0.275
 0.345
 0.415
 0.475
 0.520
 0.540
 0.535
 0.505
 0.460
 0.400
 0.335
 0.270
 0.215
 0.175
 0.140
 0.120
 0.105
 0.095
 0.085
 0.070
 0.060
 0.045
 0.035
 0.025
 0.015
 0.010
 0.005
 0.005
 0.005
 0.005
 0.010
 0.015
 0.015
 0.015
 0.010
 0.005
 -0.005
 -0.010
 -0.020
 -0.020
 -0.015
 -0.005
 0.010
 0.025
 0.040
 0.055
 0.055
 0.050
 0.035
 0.015
 -0.010
 -0.030
 -0.045
 -0.050
 -0.050
 -0.045
 -0.035
 -0.025
 -0.020
 -0.020
 -0.020
 -0.025
 -0.035
 -0.035
 -0.035
 -0.030
 -0.020
 -0.005
 0.015
 0.035
 0.050
 0.070
 0.085
 0.095
 0.100
 0.105
 0.110
 0.110
 0.105
 0.105
 0.105
 0.100
 0.095
 0.090
 0.080
 0.070
 0.050
 0.030
 0.010
 -0.010
 -0.025
 -0.030
 -0.025
 -0.005
 0.015
 0.045
 0.075
 0.100
 0.115
 0.120
 0.115
 0.105
 0.090
 0.075
 0.065
 0.060
 0.065
 0.075
 0.090
 0.110
 0.130
 0.145
 0.160
 0.170
 0.175
 0.180
 0.180
 0.180
 0.175
 0.170
 0.165
 0.160
 0.155
 0.160
 0.165
 0.175
 0.195
 0.215
 0.235
 0.255
 0.270
 0.280
 0.285
 0.285
 0.285
 0.290
 0.300
 0.315
 0.335
 0.360
 0.380
 0.395
 0.400
 0.390
 0.370
 0.340
 0.305
 0.270
 0.245
 0.230
 0.225
 0.235
 0.250
 0.265
 0.270
 0.275
 0.265
 0.240
 0.215
 0.185
 0.155
 0.130
 0.110
 0.095
 0.090
 0.080
 0.075
 0.065
 0.050
 0.035
 0.020
 0.010
 0.000
 0.005
 0.010
 0.025
 0.045
 0.065
 0.085
 0.095
 0.100
 0.090
 0.075
 0.050
 0.020
 -0.010
 -0.035
 -0.055
 -0.070
 -0.080
 -0.080
 -0.080
 -0.070
 -0.070
 -0.070
 -0.070
 -0.080
 -0.095
 -0.110
 -0.120
 -0.130
 -0.135
 -0.130
 -0.125
 -0.115
 -0.105
 -0.095
 -0.085
 -0.080
 -0.080
 -0.075
 -0.070
 -0.060
 -0.050
 -0.040
 -0.030
 -0.020
 -0.025
 -0.030
 -0.045
 -0.070
 -0.090
 -0.110
 -0.120
 -0.130
 -0.130
 -0.125
 -0.125
 -0.120
 -0.120
 -0.125
 -0.135
 -0.145
 -0.155
 -0.160
 -0.155
 -0.140
 -0.125
 -0.105
 -0.090
 -0.080
 -0.080
 -0.085
 -0.105
 -0.125
 -0.140
 -0.155
 -0.160
 -0.155
 -0.140
 -0.120
 -0.095
 -0.080
 -0.070
 -0.070
 -0.075
 -0.090
 -0.105
 -0.115
 -0.120
 -0.120
 -0.115
 -0.110
 -0.105
 -0.105
 -0.110
 -0.120
 -0.135
 -0.150
 -0.160
 -0.165
 -0.165
 -0.155
 -0.135
 -0.115
 -0.100
 -0.085
 -0.075
 -0.075
 -0.085
 -0.100
 -0.115
 -0.130
 -0.140
 -0.150
 -0.150
 -0.150
 -0.140
 -0.135
 -0.130
 -0.120
 -0.120
 -0.120
 -0.120
 -0.125
 -0.130
 -0.135
 -0.140
 -0.135
 -0.130
 -0.120
 -0.105
 -0.085
 -0.070
 -0.050
 -0.040
 -0.040
 -0.045
 -0.055
 -0.070
 -0.085
 -0.100
 -0.105
 -0.105
 -0.090
 -0.070
 -0.050
 -0.020
 0.000
 0.015
 0.025
 0.025
 0.020
 0.005
 -0.010
 -0.025
 -0.040
 -0.055
 -0.070
 -0.085
 -0.100
 -0.115
 -0.130
 -0.145
 -0.150
 -0.150
 -0.145
 -0.135
 -0.120
 -0.105
 -0.095
 -0.095
 -0.100
 -0.110
 -0.120
 -0.135
 -0.145
 -0.150
 -0.150
 -0.145
 -0.140
 -0.135
 -0.140
 -0.150
 -0.165
 -0.185
 -0.200
 -0.210
 -0.215
 -0.205
 -0.190
 -0.170
 -0.155
 -0.140
 -0.135
 -0.135
 -0.145
 -0.155
 -0.160
 -0.165
 -0.160
 -0.150
 -0.135
 -0.125
 -0.115
 -0.115
 -0.120
 -0.135
 -0.150
 -0.170
 -0.180
 -0.185
 -0.185
 -0.175
 -0.165
 -0.155
 -0.145
 -0.135
 -0.130
 -0.120
 -0.095
 -0.060
 -0.010
 0.060
 0.140
 0.230
 0.320
 0.400
 0.470
 0.510
 0.535
 0.535
 0.515
 0.480
 0.430
 0.375
 0.315
 0.250
 0.180
 0.105
 0.030
 -0.045
 -0.115
 -0.175
 -0.225
 -0.260
 -0.275
 -0.270
 -0.250
 -0.220
 -0.185
 -0.150
 -0.115
 -0.090
 -0.070
 -0.060
 -0.060
 -0.060
 -0.070
 -0.085
 -0.095
 -0.110
 -0.120
 -0.130
 -0.135
 -0.135
 -0.135
 -0.130
 -0.120
 -0.105
 -0.090
 -0.075
 -0.065
 -0.060
 -0.060
 -0.070
 -0.090
 -0.110
 -0.140
 -0.165
 -0.185
 -0.200
 -0.205
 -0.195
 -0.175
 -0.150
 -0.120
 -0.090
 -0.065
 -0.045
 -0.035
 -0.035
 -0.035
 -0.040
 -0.040
 -0.040
 -0.030
 -0.020
 -0.015
 -0.010
 -0.010
 -0.015
 -0.030
 -0.045
 -0.055
 -0.060
 -0.055
 -0.045
 -0.025
 0.000
 0.020
 0.030
 0.035
 0.030
 0.015
 -0.005
 -0.020
 -0.035
 -0.040
 -0.030
 -0.015
 0.005
 0.020
 0.040
 0.045
 0.045
 0.040
 0.030
 0.015
 0.010
 0.005
 0.015
 0.035
 0.065
 0.100
 0.140
 0.175
 0.210
 0.235
 0.250
 0.255
 0.250
 0.235
 0.220
 0.200
 0.185
 0.175
 0.175
 0.185
 0.195
 0.215
 0.235
 0.250
 0.260
 0.265
 0.260
 0.250
 0.235
 0.215
 0.200
 0.190
 0.180
 0.180
 0.180
 0.190
 0.195
 0.210
 0.220
 0.230
 0.240
 0.245
 0.250
 0.245
 0.240
 0.235
 0.220
 0.210
 0.200
 0.190
 0.175
 0.165
 0.155
 0.145
 0.130
 0.115
 0.095
 0.085
 0.070
 0.065
 0.060
 0.060
 0.055
 0.050
 0.040
 0.020
 -0.005
 -0.030
 -0.060
 -0.080
 -0.090
 -0.090
 -0.075
 -0.055
 -0.030
 -0.005
 0.010
 0.025
 0.025
 0.020
 0.005
 -0.010
 -0.020
 -0.030
 -0.030
 -0.025
 -0.015
 -0.005
 0.005
 0.015
 0.020
 0.020
 0.020
 0.015
 0.005
 0.000
 -0.010
 -0.015
 -0.020
 -0.020
 -0.010
 0.000
 0.015
 0.030
 0.040
 0.045
 0.045
 0.035
 0.015
 -0.010
 -0.035
 -0.055
 -0.070
 -0.070
 -0.065
 -0.045
 -0.025
 -0.005
 0.010
 0.015
 0.010
 -0.005
 -0.025
 -0.040
 -0.055
 -0.055
 -0.045
 -0.025
 -0.005
 0.020
 0.035
 0.040
 0.035
 0.015
 -0.010
 -0.040
 -0.060
 -0.075
 -0.075
 -0.060
 -0.045
 -0.025
 -0.010
 -0.005
 -0.010
 -0.025
 -0.050
 -0.080
 -0.105
 -0.120
 -0.120
 -0.115
 -0.100
 -0.085
 -0.065
 -0.055
 -0.045
 -0.045
 -0.040
 -0.040
 -0.035
 -0.020
 0.000
 0.020
 0.040
 0.055
 0.065
 0.070
 0.065
 0.060
 0.055
 0.055
 0.055
 0.060
 0.065
 0.070
 0.065
 0.055
 0.040
 0.025
 0.005
 -0.010
 -0.020
 -0.020
 -0.020
 -0.015
 -0.010
 -0.015
 -0.030
 -0.050
 -0.070
 -0.095
 -0.105
 -0.110
 -0.095
 -0.075
 -0.045
 -0.020
 -0.005
 0.000
 -0.020
 -0.050
 -0.085
 -0.125
 -0.155
 -0.170
 -0.165
 -0.145
 -0.110
 -0.070
 -0.035
 -0.010
 0.000
 -0.005
 -0.025
 -0.045
 -0.070
 -0.085
 -0.085
 -0.080
 -0.065
 -0.050
 -0.035
 -0.030
 -0.030
 -0.040
 -0.055
 -0.070
 -0.085
 -0.090
 -0.090
 -0.085
 -0.075
 -0.065
 -0.055
 -0.055
 -0.055
 -0.055
 -0.065
 -0.065
 -0.070
 -0.060
 -0.040
 -0.010
 0.035
 0.095
 0.165
 0.245
 0.325
 0.405
 0.475
 0.530
 0.565
 0.575
 0.560
 0.525
 0.475
 0.410
 0.340
 0.270
 0.200
 0.135
 0.070
 0.015
 -0.035
 -0.080
 -0.115
 -0.140
 -0.155
 -0.155
 -0.145
 -0.125
 -0.100
 -0.075
 -0.055
 -0.040
 -0.030
 -0.035
 -0.035
 -0.040
 -0.040
 -0.040
 -0.035
 -0.030
 -0.030
 -0.040
 -0.055
 -0.080
 -0.105
 -0.125
 -0.140
 -0.135
 -0.115
 -0.085
 -0.040
 0.005
 0.045
 0.070
 0.080
 0.070
 0.050
 0.025
 -0.005
 -0.030
 -0.045
 -0.050
 -0.050
 -0.045
 -0.040
 -0.040
 -0.035
 -0.035
 -0.035
 -0.030
 -0.025
 -0.020
 -0.010
 -0.005
 -0.005
 -0.010
 -0.020
 -0.040
 -0.055
 -0.070
 -0.075
 -0.070
 -0.050
 -0.025
 0.000
 0.030
 0.055
 0.070
 0.080
 0.075
 0.065
 0.050
 0.035
 0.020
 0.015
 0.010
 0.015
 0.020
 0.025
 0.035
 0.040
 0.040
 0.040
 0.035
 0.030
 0.025
 0.020
 0.015
 0.015
 0.015
 0.020
 0.030
 0.045
 0.060
 0.080
 0.100
 0.115
 0.130
 0.135
 0.140
 0.135
 0.135
 0.130
 0.130
 0.135
 0.145
 0.165
 0.190
 0.215
 0.240
 0.260
 0.275
 0.280
 0.280
 0.270
 0.255
 0.245
 0.230
 0.225
 0.220
 0.220
 0.220
 0.220
 0.215
 0.210
 0.205
 0.195
 0.190
 0.190
 0.190
 0.195
 0.195
 0.200
 0.195
 0.190
 0.175
 0.165
 0.150
 0.140
 0.135
 0.135
 0.135
 0.130
 0.125
 0.115
 0.095
 0.070
 0.040
 0.015
 -0.005
 -0.020
 -0.020
 -0.015
 0.000
 0.015
 0.025
 0.025
 0.020
 0.005
 -0.020
 -0.045
 -0.070
 -0.085
 -0.090
 -0.085
 -0.070
 -0.055
 -0.035
 -0.025
 -0.020
 -0.025
 -0.035
 -0.045
 -0.060
 -0.070
 -0.075
 -0.080
 -0.075
 -0.075
 -0.075
 -0.080
 -0.090
 -0.105
 -0.125
 -0.140
 -0.150
 -0.150
 -0.145
 -0.130
 -0.105
 -0.080
 -0.055
 -0.030
 -0.020
 -0.010
 -0.010
 -0.015
 -0.020
 -0.025
 -0.030
 -0.025
 -0.025
 -0.025
 -0.025
 -0.030
 -0.040
 -0.050
 -0.060
 -0.070
 -0.075
 -0.075
 -0.070
 -0.065
 -0.060
 -0.055
 -0.055
 -0.055
 -0.060
 -0.060
 -0.060
 -0.060
 -0.055
 -0.045
 -0.035
 -0.025
 -0.015
 -0.005
 0.000
 0.000
 0.005
 0.005
 0.010
 0.010
 0.015
 0.015
 0.020
 0.020
 0.020
 0.020
 0.025
 0.030
 0.040
 0.050
 0.055
 0.060
 0.055
 0.040
 0.020
 -0.005
 -0.035
 -0.060
 -0.075
 -0.085
 -0.080
 -0.070
 -0.050
 -0.030
 -0.020
 -0.010
 -0.015
 -0.035
 -0.055
 -0.085
 -0.115
 -0.135
 -0.150
 -0.150
 -0.145
 -0.130
 -0.110
 -0.090
 -0.075
 -0.065
 -0.065
 -0.070
 -0.080
 -0.090
 -0.105
 -0.110
 -0.110
 -0.110
 -0.105
 -0.095
 -0.090
 -0.090
 -0.090
 -0.095
 -0.105
 -0.115
 -0.125
 -0.130
 -0.135
 -0.130
 -0.125
 -0.120
 -0.115
 -0.115
 -0.110
 -0.110
 -0.110
 -0.105
 -0.100
 -0.095
 -0.090
 -0.085
 -0.085
 -0.085
 -0.085
 -0.090
 -0.095
 -0.100
 -0.105
 -0.100
 -0.090
 -0.075
 -0.050
 -0.015
 0.030
 0.080
 0.140
 0.210
 0.280
 0.350
 0.415
 0.465
 0.500
 0.510
 0.500
 0.470
 0.420
 0.365
 0.310
 0.255
 0.210
 0.170
 0.140
 0.115
 0.090
 0.060
 0.020
 -0.020
 -0.060
 -0.100
 -0.125
 -0.145
 -0.145
 -0.140
 -0.125
 -0.115
 -0.105
 -0.105
 -0.115
 -0.130
 -0.150
 -0.165
 -0.165
 -0.160
 -0.140
 -0.110
 -0.080
 -0.050
 -0.025
 -0.020
 -0.020
 -0.035
 -0.060
 -0.085
 -0.105
 -0.120
 -0.125
 -0.120
 -0.110
 -0.100
 -0.095
 -0.095
 -0.100
 -0.115
 -0.135
 -0.155
 -0.170
 -0.170
 -0.160
 -0.140
 -0.110
 -0.080
 -0.050
 -0.030
 -0.020
 -0.030
 -0.045
 -0.070
 -0.095
 -0.110
 -0.120
 -0.120
 -0.105
 -0.085
 -0.060
 -0.040
 -0.030
 -0.030
 -0.035
 -0.050
 -0.065
 -0.080
 -0.090
 -0.095
 -0.090
 -0.085
 -0.075
 -0.065
 -0.060
 -0.055
 -0.055
 -0.055
 -0.055
 -0.050
 -0.045
 -0.030
 -0.015
 0.000
 0.010
 0.020
 0.020
 0.015
 0.005
 -0.010
 -0.030
 -0.045
 -0.055
 -0.060
 -0.055
 -0.045
 -0.030
 -0.005
 0.015
 0.040
 0.060
 0.075
 0.090
 0.095
 0.095
 0.090
 0.085
 0.080
 0.080
 0.085
 0.095
 0.110
 0.120
 0.135
 0.145
 0.150
 0.150
 0.145
 0.130
 0.120
 0.110
 0.105
 0.110
 0.120
 0.135
 0.150
 0.165
 0.175
 0.175
 0.165
 0.155
 0.135
 0.115
 0.100
 0.090
 0.080
 0.080
 0.075
 0.070
 0.065
 0.050
 0.030
 0.010
 -0.015
 -0.030
 -0.040
 -0.040
 -0.035
 -0.025
 -0.010
 -0.005
 -0.005
 -0.015
 -0.035
 -0.060
 -0.085
 -0.105
 -0.115
 -0.110
 -0.095
 -0.075
 -0.050
 -0.035
 -0.030
 -0.035
 -0.060
 -0.090
 -0.120
 -0.145
 -0.160
 -0.155
 -0.140
 -0.120
 -0.090
 -0.065
 -0.055
 -0.050
 -0.065
 -0.085
 -0.110
 -0.130
 -0.140
 -0.140
 -0.130
 -0.115
 -0.095
 -0.075
 -0.065
 -0.060
 -0.065
 -0.070
 -0.080
 -0.090
 -0.100
 -0.100
 -0.105
 -0.100
 -0.100
 -0.100
 -0.095
 -0.095
 -0.085
 -0.080
 -0.075
 -0.065
 -0.060
 -0.060
 -0.060
 -0.065
 -0.075
 -0.080
 -0.085
 -0.080
 -0.070
 -0.050
 -0.030
 -0.010
 0.005
 0.015
 0.015
 0.010
 0.000
 -0.010
 -0.020
 -0.030
 -0.030
 -0.030
 -0.030
 -0.030
 -0.035
 -0.045
 -0.055
 -0.065
 -0.075
 -0.085
 -0.085
 -0.085
 -0.080
 -0.080
 -0.080
 -0.085
 -0.095
 -0.110
 -0.120
 -0.130
 -0.140
 -0.140
 -0.135
 -0.125
 -0.120
 -0.110
 -0.105
 -0.100
 -0.100
 -0.100
 -0.100
 -0.095
 -0.090
 -0.085
 -0.080
 -0.075
 -0.075
 -0.080
 -0.085
 -0.090
 -0.090
 -0.090
 -0.090
 -0.085
 -0.080
 -0.080
 -0.090
 -0.110
 -0.135
 -0.165
 -0.200
 -0.225
 -0.240
 -0.235
 -0.220
 -0.190
 -0.150
 -0.110
 -0.070
 -0.045
 -0.030
 -0.025
 -0.030
 -0.040
 -0.050
 -0.055
 -0.055
 -0.050
 -0.040
 -0.025
 -0.015
 0.005
 0.025
 0.050
 0.085
 0.130
 0.185
 0.250
 0.315
 0.375
 0.425
 0.455
 0.465
 0.450
 0.410
 0.350
 0.275
 0.205
 0.135
 0.075
 0.025
 -0.005
 -0.025
 -0.035
 -0.040
 -0.050
 -0.055
 -0.065
 -0.080
 -0.090
 -0.100
 -0.100
 -0.090
 -0.075
 -0.050
 -0.025
 -0.005
 0.005
 0.010
 0.000
 -0.020
 -0.045
 -0.070
 -0.085
 -0.095
 -0.090
 -0.075
 -0.050
 -0.020
 0.010
 0.030
 0.035
 0.030
 0.015
 -0.015
 -0.040
 -0.070
 -0.085
 -0.095
 -0.090
 -0.080
 -0.060
 -0.045
 -0.030
 -0.025
 -0.025
 -0.040
 -0.060
 -0.080
 -0.100
 -0.115
 -0.120
 -0.115
 -0.095
 -0.075
 -0.050
 -0.025
 -0.010
 0.000
 0.000
 -0.010
 -0.025
 -0.040
 -0.060
 -0.070
 -0.070
 -0.065
 -0.055
 -0.035
 -0.015
 0.010
 0.025
 0.035
 0.040
 0.035
 0.025
 0.010
 -0.005
 -0.020
 -0.030
 -0.035
 -0.035
 -0.030
 -0.020
 -0.015
 -0.010
 -0.010
 -0.010
 -0.010
 -0.015
 -0.010
 -0.005
 0.010
 0.030
 0.055
 0.075
 0.095
 0.110
 0.115
 0.115
 0.110
 0.100
 0.100
 0.105
 0.115
 0.135
 0.155
 0.180
 0.195
 0.200
 0.195
 0.180
 0.165
 0.145
 0.135
 0.130
 0.140
 0.155
 0.180
 0.200
 0.220
 0.230
 0.225
 0.215
 0.200
 0.185
 0.175
 0.170
 0.170
 0.180
 0.190
 0.195
 0.195
 0.190
 0.180
 0.165
 0.145
 0.130
 0.115
 0.110
 0.110
 0.110
 0.110
 0.110
 0.105
 0.095
 0.085
 0.075
 0.065
 0.055
 0.045
 0.040
 0.030
 0.020
 0.005
 -0.010
 -0.020
 -0.035
 -0.040
 -0.035
 -0.025
 -0.005
 0.015
 0.030
 0.045
 0.045
 0.035
 0.020
 -0.005
 -0.030
 -0.050
 -0.060
 -0.055
 -0.040
 -0.015
 0.005
 0.030
 0.040
 0.045
 0.035
 0.020
 -0.005
 -0.025
 -0.045
 -0.060
 -0.065
 -0.070
 -0.065
 -0.060
 -0.055
 -0.050
 -0.050
 -0.045
 -0.045
 -0.040
 -0.040
 -0.035
 -0.030
 -0.025
 -0.020
 -0.010
 -0.005
 0.010
 0.020
 0.035
 0.045
 0.060
 0.065
 0.070
 0.075
 0.070
 0.070
 0.065
 0.060
 0.060
 0.060
 0.060
 0.060
 0.055
 0.045
 0.035
 0.025
 0.015
 0.005
 0.000
 -0.005
 -0.005
 -0.005
 -0.010
 -0.010
 -0.020
 -0.030
 -0.045
 -0.055
 -0.070
 -0.080
 -0.085
 -0.085
 -0.075
 -0.065
 -0.050
 -0.040
 -0.025
 -0.015
 -0.015
 -0.015
 -0.020
 -0.030
 -0.040
 -0.050
 -0.055
 -0.055
 -0.055
 -0.055
 -0.050
 -0.050
 -0.050
 -0.055
 -0.060
 -0.070
 -0.080
 -0.085
 -0.090
 -0.090
 -0.085
 -0.085
 -0.080
 -0.080
 -0.085
 -0.090
 -0.095
 -0.100
 -0.105
 -0.105
 -0.105
 -0.105
 -0.100
 -0.100
 -0.100
 -0.100
 -0.100
 -0.095
 -0.090
 -0.080
 -0.065
 -0.045
 -0.025
 -0.005
 0.020
 0.040
 0.060
 0.090
 0.125
 0.165
 0.220
 0.275
 0.335
 0.390
 0.430
 0.455
 0.465
 0.455
 0.435
 0.400
 0.365
 0.325
 0.285
 0.245
 0.205
 0.170
 0.130
 0.095
 0.060
 0.030
 0.005
 -0.010
 -0.015
 -0.015
 -0.005
 0.005
 0.010
 0.010
 0.005
 -0.005
 -0.020
 -0.040
 -0.055
 -0.065
 -0.070
 -0.070
 -0.065
 -0.060
 -0.055
 -0.045
 -0.045
 -0.045
 -0.050
 -0.055
 -0.060
 -0.065
 -0.065
 -0.070
 -0.070
 -0.065
 -0.065
 -0.060
 -0.055
 -0.050
 -0.040
 -0.025
 -0.010
 0.000
 0.015
 0.025
 0.030
 0.030
 0.030
 0.020
 0.015
 0.010
 0.010
 0.010
 0.020
 0.025
 0.030
 0.030
 0.025
 0.010
 -0.010
 -0.035
 -0.055
 -0.075
 -0.085
 -0.085
 -0.070
 -0.050
 -0.030
 -0.010
 0.005
 0.005
 0.000
 -0.015
 -0.035
 -0.050
 -0.065
 -0.065
 -0.060
 -0.045
 -0.030
 -0.010
 0.005
 0.015
 0.020
 0.020
 0.020
 0.025
 0.035
 0.045
 0.065
 0.085
 0.100
 0.110
 0.115
 0.115
 0.105
 0.090
 0.080
 0.070
 0.065
 0.065
 0.070
 0.075
 0.085
 0.095
 0.105
 0.115
 0.125
 0.135
 0.145
 0.150
 0.155
 0.155
 0.150
 0.140
 0.125
 0.115
 0.110
 0.110
 0.125
 0.140
 0.170
 0.200
 0.225
 0.245
 0.250
 0.250
 0.235
 0.210
 0.185
 0.165
 0.145
 0.135
 0.135
 0.140
 0.145
 0.145
 0.145
 0.135
 0.120
 0.100
 0.080
 0.060
 0.045
 0.040
 0.040
 0.040
 0.045
 0.050
 0.050
 0.045
 0.030
 0.015
 -0.005
 -0.030
 -0.045
 -0.055
 -0.060
 -0.055
 -0.045
 -0.030
 -0.010
 0.010
 0.025
 0.035
 0.040
 0.040
 0.030
 0.015
 -0.005
 -0.025
 -0.045
 -0.060
 -0.070
 -0.075
 -0.070
 -0.065
 -0.055
 -0.045
 -0.045
 -0.045
 -0.055
 -0.070
 -0.085
 -0.095
 -0.105
 -0.100
 -0.085
 -0.060
 -0.030
 0.000
 0.025
 0.045
 0.050
 0.045
 0.030
 0.015
 -0.005
 -0.020
 -0.030
 -0.035
 -0.030
 -0.020
 -0.015
 -0.015
 -0.015
 -0.020
 -0.025
 -0.030
 -0.025
 -0.020
 -0.005
 0.010
 0.020
 0.030
 0.025
 0.015
 -0.005
 -0.030
 -0.055
 -0.075
 -0.085
 -0.085
 -0.075
 -0.055
 -0.035
 -0.015
 0.000
 0.005
 0.005
 -0.005
 -0.025
 -0.040
 -0.065
 -0.085
 -0.110
 -0.135
 -0.155
 -0.170
 -0.180
 -0.185
 -0.175
 -0.160
 -0.135
 -0.115
 -0.095
 -0.085
 -0.090
 -0.105
 -0.125
 -0.150
 -0.170
 -0.175
 -0.165
 -0.145
 -0.110
 -0.075
 -0.045
 -0.025
 -0.025
 -0.040
 -0.065
 -0.100
 -0.130
 -0.155
 -0.170
 -0.170
 -0.155
 -0.135
 -0.115
 -0.100
 -0.090
 -0.085
 -0.085
 -0.090
 -0.100
 -0.105
 -0.105
 -0.105
 -0.110
 -0.110
 -0.115
 -0.115
 -0.120
 -0.115
 -0.105
 -0.080
 -0.040
 0.015
 0.080
 0.155
 0.230
 0.295
 0.355
 0.400
 0.420
 0.425
 0.415
 0.385
 0.355
 0.315
 0.275
 0.235
 0.200
 0.165
 0.125
 0.085
 0.045
 0.000
 -0.040
 -0.075
 -0.100
 -0.110
 -0.110
 -0.100
 -0.080
 -0.060
 -0.045
 -0.045
 -0.050
 -0.065
 -0.090
 -0.115
 -0.135
 -0.145
 -0.150
 -0.145
 -0.135
 -0.120
 -0.110
 -0.100
 -0.095
 -0.090
 -0.090
 -0.090
 -0.090
 -0.090
 -0.085
 -0.085
 -0.080
 -0.085
 -0.090
 -0.095
 -0.105
 -0.110
 -0.115
 -0.115
 -0.115
 -0.115
 -0.110
 -0.105
 -0.105
 -0.105
 -0.105
 -0.105
 -0.100
 -0.095
 -0.090
 -0.080
 -0.070
 -0.060
 -0.055
 -0.050
 -0.050
 -0.050
 -0.055
 -0.060
 -0.065
 -0.070
 -0.075
 -0.075
 -0.080
 -0.080
 -0.080
 -0.085
 -0.085
 -0.090
 -0.095
 -0.100
 -0.105
 -0.110
 -0.105
 -0.100
 -0.090
 -0.070
 -0.055
 -0.035
 -0.025
 -0.015
 -0.010
 -0.015
 -0.020
 -0.025
 -0.035
 -0.035
 -0.035
 -0.030
 -0.025
 -0.015
 -0.005
 0.000
 0.005
 0.005
 0.010
 0.020
 0.030
 0.045
 0.060
 0.075
 0.085
 0.090
 0.095
 0.095
 0.095
 0.095
 0.095
 0.100
 0.105
 0.110
 0.115
 0.115
 0.110
 0.105
 0.100
 0.100
 0.105
 0.115
 0.135
 0.155
 0.175
 0.185
 0.185
 0.175
 0.150
 0.120
 0.085
 0.060
 0.050
 0.055
 0.070
 0.100
 0.130
 0.155
 0.165
 0.155
 0.130
 0.085
 0.040
 -0.005
 -0.040
 -0.060
 -0.060
 -0.050
 -0.025
 0.005
 0.025
 0.035
 0.035
 0.020
 -0.005
 -0.030
 -0.055
 -0.075
 -0.085
 -0.090
 -0.090
 -0.085
 -0.080
 -0.075
 -0.075
 -0.075
 -0.075
 -0.080
 -0.080
 -0.085
 -0.085
 -0.090
 -0.095
 -0.100
 -0.105
 -0.105
 -0.105
 -0.095
 -0.080
 -0.060
 -0.045
 -0.030
 -0.020
 -0.015
 -0.020
 -0.030
 -0.040
 -0.050
 -0.060
 -0.065
 -0.065
 -0.065
 -0.065
 -0.065
 -0.065
 -0.060
 -0.060
 -0.060
 -0.050
 -0.040
 -0.025
 -0.010
 0.005
 0.020
 0.030
 0.035
 0.030
 0.025
 0.020
 0.010
 0.000
 -0.010
 -0.015
 -0.020
 -0.020
 -0.015
 -0.015
 -0.010
 -0.010
 -0.010
 -0.015
 -0.025
 -0.035
 -0.045
 -0.060
 -0.070
 -0.075
 -0.075
 -0.075
 -0.070
 -0.065
 -0.060
 -0.060
 -0.065
 -0.070
 -0.080
 -0.085
 -0.085
 -0.085
 -0.080
 -0.070
 -0.065
 -0.060
 -0.065
 -0.070
 -0.085
 -0.100
 -0.110
 -0.125
 -0.130
 -0.130
 -0.125
 -0.115
 -0.105
 -0.100
 -0.095
 -0.095
 -0.095
 -0.100
 -0.095
 -0.090
 -0.085
 -0.075
 -0.065
 -0.060
 -0.060
 -0.070
 -0.085
 -0.105
 -0.130
 -0.150
 -0.165
 -0.170
 -0.165
 -0.150
 -0.130
 -0.110
 -0.085
 -0.070
 -0.060
 -0.060
 -0.060
 -0.065
 -0.070
 -0.060
 -0.040
 -0.005
 0.045
 0.115
 0.195
 0.275
 0.355
 0.425
 0.475
 0.500
 0.505
 0.490
 0.455
 0.410
 0.355
 0.305
 0.250
 0.210
 0.170
 0.130
 0.095
 0.060
 0.020
 -0.020
 -0.060
 -0.100
 -0.130
 -0.150
 -0.160
 -0.155
 -0.145
 -0.130
 -0.110
 -0.090
 -0.080
 -0.070
 -0.070
 -0.065
 -0.065
 -0.060
 -0.055
 -0.045
 -0.035
 -0.030
 -0.025
 -0.035
 -0.045
 -0.060
 -0.075
 -0.090
 -0.095
 -0.095
 -0.085
 -0.070
 -0.060
 -0.050
 -0.045
 -0.055
 -0.070
 -0.090
 -0.105
 -0.120
 -0.120
 -0.115
 -0.100
 -0.080
 -0.060
 -0.045
 -0.040
 -0.045
 -0.055
 -0.070
 -0.085
 -0.090
 -0.090
 -0.080
 -0.065
 -0.050
 -0.035
 -0.030
 -0.030
 -0.035
 -0.045
 -0.055
 -0.055
 -0.050
 -0.040
 -0.020
 0.005
 0.025
 0.035
 0.040
 0.030
 0.015
 -0.005
 -0.020
 -0.030
 -0.035
 -0.025
 -0.005
 0.010
 0.025
 0.035
 0.040
 0.035
 0.020
 0.010
 0.005
 0.005
 0.015
 0.025
 0.045
 0.060
 0.075
 0.075
 0.075
 0.070
 0.065
 0.065
 0.070
 0.085
 0.105
 0.125
 0.145
 0.160
 0.160
 0.155
 0.145
 0.135
 0.125
 0.120
 0.125
 0.135
 0.150
 0.165
 0.175
 0.180
 0.180
 0.175
 0.170
 0.165
 0.165
 0.170
 0.175
 0.185
 0.190
 0.190
 0.185
 0.175
 0.160
 0.140
 0.125
 0.110
 0.100
 0.095
 0.090
 0.085
 0.085
 0.080
 0.075
 0.070
 0.065
 0.065
 0.060
 0.050
 0.045
 0.030
 0.020
 0.005
 -0.015
 -0.025
 -0.040
 -0.045
 -0.045
 -0.045
 -0.035
 -0.030
 -0.020
 -0.015
 -0.015
 -0.015
 -0.020
 -0.025
 -0.030
 -0.040
 -0.045
 -0.050
 -0.055
 -0.060
 -0.060
 -0.060
 -0.060
 -0.055
 -0.050
 -0.050
 -0.045
 -0.045
 -0.045
 -0.045
 -0.050
 -0.045
 -0.045
 -0.045
 -0.045
 -0.045
 -0.050
 -0.055
 -0.065
 -0.070
 -0.075
 -0.075
 -0.070
 -0.065
 -0.055
 -0.045
 -0.040
 -0.035
 -0.040
 -0.045
 -0.055
 -0.065
 -0.075
 -0.075
 -0.070
 -0.060
 -0.045
 -0.025
 -0.005
 0.010
 0.015
 0.020
 0.015
 0.010
 0.005
 0.005
 0.005
 0.005
 0.010
 0.015
 0.015
 0.010
 0.005
 -0.005
 -0.020
 -0.030
 -0.030
 -0.025
 -0.015
 0.005
 0.020
 0.035
 0.045
 0.040
 0.030
 0.015
 -0.005
 -0.025
 -0.040
 -0.050
 -0.050
 -0.050
 -0.045
 -0.045
 -0.050
 -0.060
 -0.080
 -0.095
 -0.115
 -0.130
 -0.130
 -0.125
 -0.115
 -0.095
 -0.075
 -0.060
 -0.045
 -0.040
 -0.040
 -0.045
 -0.050
 -0.060
 -0.065
 -0.070
 -0.070
 -0.070
 -0.065
 -0.065
 -0.060
 -0.060
 -0.060
 -0.055
 -0.055
 -0.055
 -0.055
 -0.055
 -0.055
 -0.055
 -0.055
 -0.055
 -0.055
 -0.055
 -0.055
 -0.060
 -0.060
 -0.070
 -0.075
 -0.085
 -0.095
 -0.095
 -0.095
 -0.080
 -0.055
 -0.010
 0.045
 0.115
 0.195
 0.275
 0.355
 0.425
 0.475
 0.505
 0.515
 0.500
 0.470
 0.430
 0.385
 0.340
 0.300
 0.270
 0.240
 0.215
 0.190
 0.160
 0.120
 0.080
 0.040
 0.000
 -0.030
 -0.050
 -0.055
 -0.050
 -0.040
 -0.030
 -0.025
 -0.025
 -0.040
 -0.060
 -0.085
 -0.100
 -0.110
 -0.105
 -0.090
 -0.060
 -0.030
 -0.005
 0.010
 0.010
 -0.005
 -0.030
 -0.060
 -0.085
 -0.100
 -0.100
 -0.085
 -0.060
 -0.035
 -0.010
 0.005
 0.005
 -0.005
 -0.025
 -0.050
 -0.070
 -0.075
 -0.075
 -0.060
 -0.035
 -0.015
 0.005
 0.010
 0.005
 -0.015
 -0.040
 -0.070
 -0.090
 -0.105
 -0.110
 -0.100
 -0.085
 -0.070
 -0.050
 -0.040
 -0.040
 -0.040
 -0.045
 -0.050
 -0.050
 -0.045
 -0.030
 -0.015
 0.005
 0.020
 0.035
 0.040
 0.045
 0.045
 0.045
 0.045
 0.045
 0.050
 0.055
 0.065
 0.070
 0.070
 0.065
 0.060
 0.050
 0.040
 0.030
 0.025
 0.020
 0.025
 0.030
 0.040
 0.050
 0.055
 0.060
 0.060
 0.055
 0.050
 0.045
 0.040
 0.040
 0.045
 0.060
 0.080
 0.110
 0.140
 0.170
 0.205
 0.225
 0.240
 0.245
 0.240
 0.225
 0.200
 0.180
 0.160
 0.145
 0.135
 0.135
 0.145
 0.155
 0.170
 0.180
 0.195
 0.200
 0.205
 0.200
 0.195
 0.180
 0.160
 0.140
 0.115
 0.090
 0.070
 0.060
 0.060
 0.065
 0.080
 0.095
 0.110
 0.115
 0.110
 0.095
 0.065
 0.030
 0.000
 -0.030
 -0.040
 -0.040
 -0.030
 -0.005
 0.020
 0.040
 0.050
 0.050
 0.040
 0.020
 -0.005
 -0.025
 -0.040
 -0.045
 -0.035
 -0.025
 -0.005
 0.010
 0.020
 0.020
 0.015
 0.000
 -0.020
 -0.035
 -0.055
 -0.065
 -0.075
 -0.075
 -0.075
 -0.075
 -0.070
 -0.070
 -0.065
 -0.065
 -0.060
 -0.060
 -0.065
 -0.065
 -0.070
 -0.075
 -0.080
 -0.085
 -0.085
 -0.085
 -0.080
 -0.070
 -0.055
 -0.040
 -0.030
 -0.020
 -0.010
 -0.010
 -0.015
 -0.020
 -0.025
 -0.030
 -0.030
 -0.035
 -0.035
 -0.035
 -0.040
 -0.045
 -0.050
 -0.055
 -0.060
 -0.060
 -0.055
 -0.055
 -0.050
 -0.055
 -0.065
 -0.080
 -0.100
 -0.120
 -0.140
 -0.150
 -0.145
 -0.135
 -0.110
 -0.085
 -0.055
 -0.030
 -0.015
 -0.015
 -0.025
 -0.045
 -0.065
 -0.085
 -0.095
 -0.095
 -0.090
 -0.075
 -0.055
 -0.035
 -0.020
 -0.015
 -0.010
 -0.015
 -0.020
 -0.030
 -0.035
 -0.040
 -0.040
 -0.040
 -0.040
 -0.040
 -0.040
 -0.040
 -0.040
 -0.035
 -0.030
 -0.020
 -0.010
 0.005
 0.020
 0.030
 0.040
 0.040
 0.040
 0.030
 0.020
 0.005
 -0.005
 -0.010
 -0.010
 -0.005
 0.000
 0.010
 0.015
 0.015
 0.005
 -0.005
 -0.025
 -0.045
 -0.065
 -0.080
 -0.090
 -0.090
 -0.080
 -0.070
 -0.050
 -0.035
 -0.025
 -0.020
 -0.025
 -0.030
 -0.045
 -0.060
 -0.070
 -0.080
 -0.080
 -0.080
 -0.070
 -0.060
 -0.050
 -0.040
 -0.035
 -0.035
 -0.040
 -0.050
 -0.060
 -0.070
 -0.080
 -0.080
 -0.080
 -0.075
 -0.065
 -0.060
 -0.060
 -0.060
 -0.070
 -0.080
 -0.090
 -0.100
 -0.100
 -0.095
 -0.085
 -0.075
 -0.060
 -0.050
 -0.040
 -0.030
 -0.020
 0.000
 0.030
 0.080
 0.145
 0.225
 0.310
 0.390
 0.455
 0.500
 0.515
 0.500
 0.455
 0.400
 0.335
 0.270
 0.220
 0.185
 0.165
 0.155
 0.150
 0.145
 0.135
 0.110
 0.085
 0.050
 0.015
 -0.015
 -0.035
 -0.045
 -0.045
 -0.035
 -0.030
 -0.020
 -0.020
 -0.025
 -0.030
 -0.040
 -0.050
 -0.060
 -0.060
 -0.055
 -0.050
 -0.045
 -0.035
 -0.035
 -0.035
 -0.040
 -0.045
 -0.055
 -0.060
 -0.060
 -0.060
 -0.060
 -0.060
 -0.060
 -0.060
 -0.060
 -0.060
 -0.065
 -0.065
 -0.060
 -0.060
 -0.055
 -0.050
 -0.045
 -0.045
 -0.045
 -0.045
 -0.045
 -0.040
 -0.030
 -0.015
 0.005
 0.020
 0.040
 0.050
 0.050
 0.045
 0.025
 0.005
 -0.020
 -0.040
 -0.055
 -0.065
 -0.070
 -0.060
 -0.050
 -0.035
 -0.020
 -0.010
 0.000
 0.005
 0.010
 0.010
 0.015
 0.020
 0.025
 0.030
 0.040
 0.045
 0.045
 0.045
 0.035
 0.020
 0.000
 -0.015
 -0.035
 -0.050
 -0.055
 -0.050
 -0.035
 -0.015
 0.010
 0.040
 0.065
 0.085
 0.095
 0.105
 0.110
 0.110
 0.110
 0.120
 0.130
 0.140
 0.155
 0.170
 0.180
 0.185
 0.180
 0.175
 0.165
 0.155
 0.145
 0.145
 0.145
 0.150
 0.155
 0.165
 0.165
 0.170
 0.165
 0.165
 0.170
 0.175
 0.180
 0.190
 0.205
 0.215
 0.220
 0.215
 0.210
 0.195
 0.180
 0.165
 0.150
 0.135
 0.125
 0.120
 0.110
 0.105
 0.100
 0.090
 0.085
 0.080
 0.075
 0.075
 0.075
 0.075
 0.070
 0.060
 0.045
 0.025
 0.000
 -0.025
 -0.045
 -0.065
 -0.075
 -0.080
 -0.075
 -0.070
 -0.060
 -0.050
 -0.045
 -0.040
 -0.040
 -0.040
 -0.040
 -0.040
 -0.035
 -0.025
 -0.015
 -0.005
 0.005
 0.015
 0.020
 0.020
 0.010
 0.000
 -0.015
 -0.030
 -0.045
 -0.060
 -0.065
 -0.065
 -0.060
 -0.050
 -0.045
 -0.040
 -0.040
 -0.045
 -0.055
 -0.065
 -0.080
 -0.090
 -0.095
 -0.095
 -0.095
 -0.085
 -0.070
 -0.060
 -0.045
 -0.035
 -0.025
 -0.015
 -0.010
 -0.005
 -0.005
 -0.010
 -0.015
 -0.030
 -0.050
 -0.075
 -0.100
 -0.125
 -0.145
 -0.155
 -0.155
 -0.145
 -0.130
 -0.105
 -0.085
 -0.065
 -0.050
 -0.045
 -0.045
 -0.050
 -0.050
 -0.050
 -0.050
 -0.040
 -0.035
 -0.025
 -0.025
 -0.030
 -0.040
 -0.055
 -0.070
 -0.085
 -0.095
 -0.095
 -0.085
 -0.070
 -0.055
 -0.040
 -0.030
 -0.030
 -0.035
 -0.050
 -0.060
 -0.075
 -0.080
 -0.080
 -0.070
 -0.060
 -0.045
 -0.035
 -0.025
 -0.030
 -0.035
 -0.045
 -0.060
 -0.075
 -0.085
 -0.095
 -0.095
 -0.095
 -0.095
 -0.095
 -0.090
 -0.085
 -0.085
 -0.075
 -0.065
 -0.055
 -0.040
 -0.030
 -0.015
 -0.010
 -0.015
 -0.020
 -0.035
 -0.055
 -0.075
 -0.095
 -0.110
 -0.115
 -0.120
 -0.115
 -0.110
 -0.100
 -0.085
 -0.070
 -0.050
 -0.030
 -0.010
 0.010
 0.025
 0.035
 0.040
 0.040
 0.030
 0.010
 -0.010
 -0.035
 -0.055
 -0.070
 -0.080
 -0.075
 -0.065
 -0.050
 -0.035
 -0.020
 -0.010
 -0.010
 -0.015
 -0.030
 -0.050
 -0.070
 -0.090
 -0.105
 -0.120
 -0.125
 -0.125
 -0.120
 -0.115
 -0.115
 -0.110
 -0.110
 -0.105
 -0.100
 -0.095
 -0.090
 -0.080
 -0.075
 -0.065
 -0.065
 -0.070
 -0.075
 -0.090
 -0.105
 -0.120
 -0.125
 -0.130
 -0.125
 -0.115
 -0.105
 -0.090
 -0.085
 -0.080
 -0.085
 -0.095
 -0.105
 -0.110
 -0.115
 -0.120
 -0.115
 -0.105
 -0.100
 -0.095
 -0.090
 -0.095
 -0.095
 -0.095
 -0.085
 -0.065
 -0.025
 0.025
 0.095
 0.170
 0.250
 0.330
 0.390
 0.435
 0.455
 0.455
 0.435
 0.405
 0.365
 0.330
 0.300
 0.275
 0.255
 0.240
 0.225
 0.195
 0.160
 0.115
 0.060
 0.005
 -0.050
 -0.090
 -0.110
 -0.120
 -0.110
 -0.095
 -0.075
 -0.060
 -0.055
 -0.065
 -0.085
 -0.110
 -0.140
 -0.160
 -0.170
 -0.170
 -0.160
 -0.140
 -0.120
 -0.100
 -0.085
 -0.080
 -0.080
 -0.085
 -0.090
 -0.095
 -0.100
 -0.095
 -0.090
 -0.085
 -0.080
 -0.075
 -0.070
 -0.070
 -0.075
 -0.080
 -0.085
 -0.090
 -0.095
 -0.100
 -0.110
 -0.115
 -0.120
 -0.120
 -0.115
 -0.105
 -0.095
 -0.080
 -0.065
 -0.055
 -0.050
 -0.050
 -0.060
 -0.075
 -0.085
 -0.100
 -0.105
 -0.110
 -0.110
 -0.105
 -0.100
 -0.100
 -0.100
 -0.100
 -0.100
 -0.100
 -0.095
 -0.090
 -0.075
 -0.060
 -0.045
 -0.030
 -0.025
 -0.020
 -0.030
 -0.035
 -0.045
 -0.055
 -0.055
 -0.050
 -0.040
 -0.025
 -0.015
 -0.005
 -0.005
 -0.010
 -0.020
 -0.035
 -0.045
 -0.055
 -0.050
 -0.040
 -0.025
 0.000
 0.020
 0.040
 0.050
 0.060
 0.060
 0.055
 0.050
 0.045
 0.050
 0.055
 0.065
 0.075
 0.090
 0.105
 0.120
 0.135
 0.145
 0.150
 0.150
 0.145
 0.135
 0.115
 0.095
 0.075
 0.055
 0.040
 0.040
 0.045
 0.060
 0.085
 0.105
 0.125
 0.140
 0.140
 0.135
 0.120
 0.095
 0.075
 0.050
 0.035
 0.020
 0.015
 0.015
 0.015
 0.015
 0.020
 0.020
 0.015
 0.005
 -0.005
 -0.015
 -0.030
 -0.045
 -0.055
 -0.065
 -0.070
 -0.070
 -0.070
 -0.075
 -0.080
 -0.090
 -0.105
 -0.130
 -0.155
 -0.180
 -0.195
 -0.195
 -0.185
 -0.160
 -0.125
 -0.090
 -0.055
 -0.035
 -0.030
 -0.040
 -0.060
 -0.090
 -0.120
 -0.145
 -0.155
 -0.150
 -0.135
 -0.110
 -0.090
 -0.070
 -0.065
 -0.070
 -0.080
 -0.100
 -0.115
 -0.125
 -0.125
 -0.115
 -0.100
 -0.085
 -0.070
 -0.065
 -0.075
 -0.090
 -0.110
 -0.135
 -0.150
 -0.160
 -0.160
 -0.150
 -0.130
 -0.115
 -0.100
 -0.100
 -0.105
 -0.120
 -0.140
 -0.160
 -0.170
 -0.170
 -0.155
 -0.130
 -0.100
 -0.070
 -0.045
 -0.030
 -0.025
 -0.035
 -0.055
 -0.075
 -0.095
 -0.115
 -0.125
 -0.125
 -0.120
 -0.110
 -0.100
 -0.095
 -0.090
 -0.095
 -0.100
 -0.110
 -0.120
 -0.130
 -0.135
 -0.135
 -0.135
 -0.125
 -0.120
 -0.105
 -0.095
 -0.080
 -0.065
 -0.050
 -0.035
 -0.025
 -0.020
 -0.010
 -0.010
 -0.010
 -0.010
 -0.010
 -0.010
 -0.015
 -0.015
 -0.020
 -0.020
 -0.020
 -0.015
 -0.015
 -0.015
 -0.015
 -0.015
 -0.015
 -0.020
 -0.025
 -0.030
 -0.035
 -0.035
 -0.035
 -0.035
 -0.030
 -0.025
 -0.020
 -0.015
 -0.015
 -0.015
 -0.020
 -0.025
 -0.030
 -0.030
 -0.030
 -0.030
 -0.020
 -0.010
 0.005
 0.020
 0.035
 0.050
 0.060
 0.065
 0.070
 0.060
 0.050
 0.030
 0.010
 -0.015
 -0.035
 -0.050
 -0.060
 -0.060
 -0.060
 -0.050
 -0.040
 -0.035
 -0.030
 -0.030
 -0.035
 -0.045
 -0.050
 -0.055
 -0.060
 -0.060
 -0.060
 -0.060
 -0.060
 -0.060
 -0.060
 -0.060
 -0.055
 -0.045
 -0.035
 -0.015
 0.005
 0.020
 0.030
 0.035
 0.030
 0.015
 -0.005
 -0.025
 -0.040
 -0.050
 -0.050
 -0.040
 -0.025
 -0.010
 0.000
 0.005
 0.000
 -0.010
 -0.025
 -0.030
 -0.030
 -0.010
 0.025
 0.085
 0.160
 0.240
 0.325
 0.400
 0.460
 0.500
 0.515
 0.510
 0.490
 0.455
 0.420
 0.385
 0.350
 0.325
 0.295
 0.270
 0.245
 0.210
 0.165
 0.120
 0.065
 0.020
 -0.025
 -0.060
 -0.075
 -0.075
 -0.065
 -0.040
 -0.010
 0.025
 0.055
 0.080
 0.095
 0.105
 0.105
 0.100
 0.090
 0.080
 0.070
 0.060
 0.055
 0.050
 0.045
 0.045
 0.045
 0.040
 0.035
 0.030
 0.020
 0.010
 0.005
 0.000
 -0.005
 0.000
 0.005
 0.015
 0.030
 0.045
 0.055
 0.065
 0.070
 0.080
 0.085
 0.095
 0.110
 0.130
 0.150
 0.175
 0.190
 0.195
 0.195
 0.175
 0.150
 0.115
 0.085
 0.055
 0.040
 0.035
 0.045
 0.060
 0.080
 0.095
 0.105
 0.105
 0.090
 0.075
 0.060
 0.055
 0.055
 0.070
 0.100
 0.130
 0.165
 0.190
 0.205
 0.205
 0.195
 0.175
 0.160
 0.145
 0.145
 0.160
 0.190
 0.220
 0.255
 0.280
 0.290
 0.285
 0.260
 0.225
 0.190
 0.155
 0.140
 0.140
 0.160
 0.200
 0.245
 0.290
 0.325
 0.345
 0.345
 0.330
 0.310
 0.280
 0.260
 0.250
 0.250
 0.260
 0.280
 0.305
 0.325
 0.340
 0.350
 0.355
 0.350
 0.350
 0.350
 0.350
 0.355
 0.365
 0.370
 0.375
 0.370
 0.365
 0.360
 0.350
 0.340
 0.335
 0.335
 0.335
 0.330
 0.325
 0.315
 0.300
 0.280
 0.255
 0.230
 0.210
 0.190
 0.180
 0.180
 0.180
 0.190
 0.195
 0.205
 0.215
 0.220
 0.220
 0.215
 0.205
 0.195
 0.180
 0.165
 0.155
 0.150
 0.150
 0.155
 0.170
 0.185
 0.195
 0.200
 0.190
 0.175
 0.150
 0.115
 0.085
 0.065
 0.060
 0.070
 0.095
 0.135
 0.175
 0.215
 0.235
 0.245
 0.240
 0.215
 0.190
 0.165
 0.145
 0.140
 0.140
 0.155
 0.165
 0.175
 0.180
 0.170
 0.155
 0.135
 0.120
 0.110
 0.110
 0.120
 0.135
 0.155
 0.165
 0.175
 0.175
 0.160
 0.145
 0.130
 0.125
 0.120
 0.130
 0.150
 0.170
 0.190
 0.205
 0.210
 0.205
 0.185
 0.165
 0.140
 0.125
 0.110
 0.100
 0.100
 0.100
 0.100
 0.100
 0.100
 0.095
 0.085
 0.075
 0.065
 0.050
 0.040
 0.025
 0.010
 -0.005
 -0.020
 -0.030
 -0.040
 -0.045
 -0.050
 -0.055
 -0.065
 -0.070
 -0.085
 -0.095
 -0.110
 -0.115
 -0.115
 -0.110
 -0.090
 -0.070
 -0.045
 -0.030
 -0.020
 -0.030
 -0.050
 -0.085
 -0.125
 -0.170
 -0.210
 -0.245
 -0.265
 -0.280
 -0.280
 -0.275
 -0.270
 -0.260
 -0.250
 -0.250
 -0.245
 -0.245
 -0.245
 -0.250
 -0.255
 -0.260
 -0.270
 -0.280
 -0.285
 -0.295
 -0.300
 -0.305
 -0.300
 -0.295
 -0.290
 -0.285
 -0.280
 -0.280
 -0.280
 -0.290
 -0.300
 -0.310
 -0.320
 -0.325
 -0.325
 -0.325
 -0.320
 -0.315
 -0.310
 -0.315
 -0.320
 -0.330
 -0.350
 -0.365
 -0.385
 -0.400
 -0.410
 -0.415
 -0.415
 -0.410
 -0.405
 -0.395
 -0.390
 -0.385
 -0.390
 -0.400
 -0.410
 -0.430
 -0.450
 -0.475
 -0.495
 -0.510
 -0.520
 -0.525
 -0.525
 -0.525
 -0.525
 -0.535
 -0.550
 -0.575
 -0.605
 -0.640
 -0.680
 -0.715
 -0.750
 -0.775
 -0.800
 -0.820
 -0.835
 -0.850
 -0.860
 -0.865
 -0.855
 -0.835
 -0.790
 -0.730
 -0.660
 -0.585
 -0.510
 -0.450
 -0.410
 -0.390
 -0.390
 -0.400
 -0.415
 -0.425
 -0.415
 -0.385
 -0.340
 -0.285
 -0.230
 -0.185
 -0.155
 -0.150
 -0.155
 -0.175
 -0.200
 -0.220
 -0.225
 -0.220
 -0.200
 -0.165
 -0.135
 -0.100
 -0.075
 -0.050
 -0.030
 -0.010
 0.020
 0.055
 0.100
 0.160
 0.215
 0.270
 0.320
 0.350
 0.370
 0.370
 0.360
 0.335
 0.310
 0.280
 0.245
 0.215
 0.180
 0.140
 0.095
 0.050
 0.005
 -0.040
 -0.075
 -0.100
 -0.110
 -0.105
 -0.085
 -0.055
 -0.020
 0.010
 0.035
 0.050
 0.055
 0.050
 0.045
 0.040
 0.040
 0.045
 0.050
 0.055
 0.060
 0.050
 0.035
 0.005
 -0.025
 -0.055
 -0.075
 -0.080
 -0.075
 -0.055
 -0.025
 0.005
 0.030
 0.045
 0.050
 0.045
 0.030
 0.015
 0.005
 -0.005
 -0.005
 -0.005
 0.000
 0.000
 -0.005
 -0.010
 -0.015
 -0.015
 -0.010
 0.000
 0.020
 0.045
 0.065
 0.085
 0.095
 0.095
 0.085
 0.070
 0.050
 0.030
 0.020
 0.015
 0.020
 0.030
 0.045
 0.065
 0.080
 0.090
 0.100
 0.105
 0.100
 0.095
 0.085
 0.075
 0.065
 0.055
 0.050
 0.055
 0.065
 0.080
 0.100
 0.125
 0.145
 0.155
 0.155
 0.145
 0.125
 0.105
 0.085
 0.070
 0.070
 0.085
 0.110
 0.140
 0.175
 0.205
 0.230
 0.240
 0.240
 0.235
 0.230
 0.220
 0.220
 0.225
 0.235
 0.245
 0.260
 0.270
 0.275
 0.270
 0.265
 0.250
 0.240
 0.230
 0.225
 0.225
 0.230
 0.235
 0.240
 0.245
 0.250
 0.255
 0.255
 0.255
 0.255
 0.255
 0.255
 0.255
 0.255
 0.250
 0.245
 0.235
 0.225
 0.215
 0.205
 0.195
 0.190
 0.185
 0.175
 0.170
 0.160
 0.150
 0.140
 0.125
 0.115
 0.105
 0.095
 0.090
 0.085
 0.085
 0.080
 0.075
 0.070
 0.060
 0.050
 0.035
 0.025
 0.020
 0.015
 0.015
 0.015
 0.020
 0.030
 0.040
 0.055
 0.065
 0.075
 0.085
 0.085
 0.085
 0.075
 0.065
 0.050
 0.035
 0.020
 0.010
 0.005
 0.000
 0.005
 0.010
 0.020
 0.025
 0.025
 0.025
 0.020
 0.010
 -0.005
 -0.015
 -0.030
 -0.035
 -0.040
 -0.045
 -0.040
 -0.030
 -0.020
 -0.005
 0.015
 0.030
 0.045
 0.050
 0.050
 0.045
 0.035
 0.015
 0.000
 -0.015
 -0.030
 -0.030
 -0.025
 -0.015
 0.005
 0.025
 0.040
 0.055
 0.060
 0.055
 0.040
 0.025
 0.000
 -0.020
 -0.035
 -0.040
 -0.040
 -0.030
 -0.015
 0.005
 0.015
 0.025
 0.020
 0.010
 -0.005
 -0.025
 -0.040
 -0.055
 -0.055
 -0.055
 -0.040
 -0.025
 -0.015
 0.000
 0.005
 0.000
 -0.005
 -0.015
 -0.020
 -0.025
 -0.025
 -0.015
 0.000
 0.015
 0.035
 0.050
 0.065
 0.070
 0.070
 0.060
 0.045
 0.025
 0.000
 -0.025
 -0.045
 -0.060
 -0.065
 -0.060
 -0.045
 -0.025
 -0.005
 0.015
 0.025
 0.025
 0.010
 -0.015
 -0.045
 -0.075
 -0.100
 -0.105
 -0.100
 -0.075
 -0.045
 -0.010
 0.025
 0.050
 0.060
 0.055
 0.040
 0.015
 -0.005
 -0.025
 -0.035
 -0.040
 -0.035
 -0.025
 -0.020
 -0.015
 -0.015
 -0.020
 -0.030
 -0.040
 -0.045
 -0.050
 -0.045
 -0.035
 -0.025
 -0.010
 0.000
 0.005
 0.005
 -0.005
 -0.020
 -0.035
 -0.050
 -0.060
 -0.070
 -0.070
 -0.060
 -0.050
 -0.040
 -0.030
 -0.025
 -0.025
 -0.035
 -0.055
 -0.070
 -0.085
 -0.095
 -0.095
 -0.085
 -0.065
 -0.040
 -0.015
 0.005
 0.015
 0.015
 0.005
 -0.010
 -0.025
 -0.040
 -0.055
 -0.060
 -0.055
 -0.050
 -0.040
 -0.030
 -0.025
 -0.025
 -0.030
 -0.035
 -0.040
 -0.045
 -0.050
 -0.050
 -0.055
 -0.055
 -0.055
 -0.060
 -0.060
 -0.055
 -0.055
 -0.045
 -0.040
 -0.030
 -0.025
 -0.020
 -0.025
 -0.030
 -0.045
 -0.055
 -0.070
 -0.080
 -0.080
 -0.075
 -0.065
 -0.055
 -0.045
 -0.035
 -0.030
 -0.030
 -0.035
 -0.040
 -0.050
 -0.060
 -0.065
 -0.065
 -0.060
 -0.055
 -0.050
 -0.045
 -0.035
 -0.030
 -0.025
 -0.020
 -0.020
 -0.025
 -0.030
 -0.035
 -0.045
 -0.055
 -0.065
 -0.070
 -0.070
 -0.065
 -0.050
 -0.035
 -0.020
 -0.005
 0.005
 0.005
 0.000
 -0.010
 -0.020
 -0.030
 -0.030
 -0.030
 -0.020
 -0.010
 0.000
 0.005
 0.005
 0.000
 -0.010
 -0.025
 -0.040
 -0.050
 -0.055
 -0.055
 -0.045
 -0.035
 -0.025
 -0.020
 -0.015
 -0.020
 -0.025
 -0.035
 -0.050
 -0.055
 -0.065
 -0.070
 -0.070
 -0.070
 -0.070
 -0.075
 -0.075
 -0.075
 -0.075
 -0.070
 -0.065
 -0.060
 -0.055
 -0.050
 -0.050
 -0.060
 -0.070
 -0.080
 -0.095
 -0.105
 -0.115
 -0.115
 -0.110
 -0.100
 -0.090
 -0.075
 -0.065
 -0.060
 -0.060
 -0.060
 -0.065
 -0.065
 -0.060
 -0.045
 -0.015
 0.020
 0.075
 0.135
 0.205
 0.270
 0.335
 0.390
 0.430
 0.450
 0.445
 0.430
 0.395
 0.350
 0.305
 0.260
 0.225
 0.200
 0.180
 0.170
 0.155
 0.140
 0.120
 0.090
 0.050
 0.005
 -0.035
 -0.065
 -0.085
 -0.090
 -0.080
 -0.060
 -0.040
 -0.020
 -0.010
 -0.020
 -0.040
 -0.070
 -0.105
 -0.135
 -0.155
 -0.160
 -0.150
 -0.120
 -0.090
 -0.050
 -0.020
 0.000
 0.010
 0.015
 0.005
 0.000
 -0.005
 -0.005
 0.000
 0.010
 0.015
 0.020
 0.015
 -0.005
 -0.025
 -0.055
 -0.090
 -0.115
 -0.135
 -0.145
 -0.140
 -0.120
 -0.100
 -0.070
 -0.045
 -0.020
 -0.005
 0.005
 0.005
 0.005
 -0.005
 -0.010
 -0.020
 -0.030
 -0.035
 -0.040
 -0.045
 -0.045
 -0.040
 -0.035
 -0.025
 -0.010
 0.000
 0.005
 0.010
 0.015
 0.010
 0.005
 0.000
 -0.005
 0.000
 0.010
 0.020
 0.040
 0.060
 0.075
 0.090
 0.095
 0.090
 0.080
 0.065
 0.050
 0.040
 0.030
 0.035
 0.040
 0.045
 0.050
 0.050
 0.040
 0.025
 0.010
 -0.010
 -0.020
 -0.020
 -0.010
 0.020
 0.060
 0.105
 0.155
 0.195
 0.225
 0.240
 0.240
 0.225
 0.200
 0.170
 0.140
 0.115
 0.100
 0.095
 0.095
 0.110
 0.125
 0.150
 0.175
 0.200
 0.225
 0.245
 0.260
 0.265
 0.265
 0.260
 0.245
 0.230
 0.215
 0.205
 0.195
 0.195
 0.195
 0.195
 0.195
 0.185
 0.170
 0.145
 0.115
 0.080
 0.050
 0.020
 0.005
 0.000
 0.000
 0.005
 0.015
 0.025
 0.030
 0.030
 0.030
 0.025
 0.020
 0.015
 0.020
 0.025
 0.035
 0.045
 0.055
 0.060
 0.060
 0.055
 0.045
 0.030
 0.015
 -0.005
 -0.015
 -0.025
 -0.035
 -0.040
 -0.045
 -0.045
 -0.050
 -0.060
 -0.065
 -0.075
 -0.085
 -0.085
 -0.085
 -0.075
 -0.060
 -0.040
 -0.020
 0.000
 0.015
 0.020
 0.020
 0.015
 0.005
 -0.010
 -0.020
 -0.030
 -0.040
 -0.045
 -0.050
 -0.050
 -0.055
 -0.055
 -0.055
 -0.050
 -0.040
 -0.025
 -0.005
 0.010
 0.020
 0.020
 0.010
 -0.005
 -0.030
 -0.055
 -0.075
 -0.085
 -0.080
 -0.070
 -0.050
 -0.025
 -0.010
 -0.005
 -0.010
 -0.025
 -0.045
 -0.065
 -0.075
 -0.080
 -0.070
 -0.050
 -0.030
 -0.005
 0.015
 0.025
 0.025
 0.020
 0.010
 0.000
 -0.010
 -0.015
 -0.020
 -0.025
 -0.025
 -0.030
 -0.030
 -0.030
 -0.025
 -0.015
 0.000
 0.020
 0.035
 0.040
 0.040
 0.030
 0.010
 -0.015
 -0.040
 -0.055
 -0.060
 -0.055
 -0.035
 -0.015
 0.005
 0.015
 0.015
 0.000
 -0.020
 -0.045
 -0.070
 -0.080
 -0.075
 -0.060
 -0.030
 0.005
 0.035
 0.050
 0.055
 0.040
 0.020
 -0.010
 -0.035
 -0.050
 -0.055
 -0.045
 -0.025
 0.000
 0.025
 0.040
 0.040
 0.035
 0.020
 -0.005
 -0.025
 -0.040
 -0.050
 -0.055
 -0.050
 -0.050
 -0.050
 -0.055
 -0.060
 -0.075
 -0.085
 -0.095
 -0.095
 -0.085
 -0.065
 -0.045
 -0.020
 0.000
 0.010
 0.015
 0.010
 0.000
 -0.015
 -0.030
 -0.040
 -0.045
 -0.045
 -0.040
 -0.035
 -0.030
 -0.025
 -0.020
 -0.020
 -0.020
 -0.020
 -0.020
 -0.020
 -0.025
 -0.030
 -0.035
 -0.040
 -0.045
 -0.045
 -0.040
 -0.030
 -0.015
 0.005
 0.020
 0.035
 0.040
 0.040
 0.030
 0.015
 -0.005
 -0.025
 -0.040
 -0.055
 -0.065
 -0.075
 -0.075
 -0.080
 -0.080
 -0.080
 -0.075
 -0.070
 -0.055
 -0.040
 -0.020
 0.000
 0.020
 0.030
 0.040
 0.040
 0.030
 0.025
 0.015
 0.005
 0.005
 0.010
 0.015
 0.025
 0.030
 0.030
 0.020
 0.005
 -0.015
 -0.035
 -0.050
 -0.055
 -0.050
 -0.035
 -0.010
 0.025
 0.055
 0.080
 0.090
 0.090
 0.075
 0.055
 0.025
 0.000
 -0.020
 -0.030
 -0.030
 -0.015
 0.005
 0.025
 0.045
 0.060
 0.070
 0.065
 0.050
 0.030
 0.005
 -0.020
 -0.045
 -0.060
 -0.075
 -0.080
 -0.080
 -0.080
 -0.080
 -0.075
 -0.070
 -0.065
 -0.060
 -0.050
 -0.040
 -0.025
 -0.010
 0.000
 0.005
 0.010
 0.005
 0.000
 -0.010
 -0.020
 -0.030
 -0.035
 -0.040
 -0.045
 -0.045
 -0.045
 -0.045
 -0.045
 -0.045
 -0.040
 -0.035
 -0.030
 -0.025
 -0.020
 -0.015
 -0.015
 -0.010
 0.000
 0.015
 0.045
 0.090
 0.155
 0.235
 0.320
 0.400
 0.470
 0.515
 0.535
 0.525
 0.490
 0.430
 0.365
 0.300
 0.245
 0.195
 0.160
 0.135
 0.110
 0.090
 0.060
 0.030
 0.000
 -0.025
 -0.045
 -0.055
 -0.055
 -0.040
 -0.025
 -0.005
 0.005
 0.005
 0.000
 -0.020
 -0.040
 -0.055
 -0.070
 -0.075
 -0.070
 -0.055
 -0.035
 -0.020
 -0.010
 -0.010
 -0.015
 -0.035
 -0.055
 -0.080
 -0.100
 -0.110
 -0.115
 -0.105
 -0.085
 -0.055
 -0.030
 0.000
 0.020
 0.030
 0.030
 0.020
 0.000
 -0.020
 -0.040
 -0.060
 -0.065
 -0.065
 -0.050
 -0.035
 -0.010
 0.010
 0.025
 0.030
 0.030
 0.025
 0.020
 0.010
 0.000
 0.000
 0.000
 0.005
 0.010
 0.010
 0.005
 -0.005
 -0.020
 -0.040
 -0.065
 -0.080
 -0.095
 -0.095
 -0.085
 -0.065
 -0.040
 -0.005
 0.025
 0.055
 0.075
 0.080
 0.075
 0.060
 0.035
 0.005
 -0.020
 -0.040
 -0.045
 -0.040
 -0.020
 0.005
 0.035
 0.060
 0.075
 0.085
 0.085
 0.075
 0.065
 0.055
 0.055
 0.070
 0.090
 0.115
 0.145
 0.170
 0.190
 0.195
 0.195
 0.180
 0.165
 0.145
 0.130
 0.125
 0.125
 0.125
 0.135
 0.145
 0.155
 0.165
 0.170
 0.170
 0.165
 0.160
 0.145
 0.130
 0.110
 0.090
 0.070
 0.055
 0.045
 0.040
 0.050
 0.070
 0.095
 0.120
 0.150
 0.175
 0.185
 0.185
 0.175
 0.150
 0.115
 0.080
 0.045
 0.015
 -0.005
 -0.015
 -0.010
 0.000
 0.015
 0.030
 0.045
 0.055
 0.060
 0.055
 0.045
 0.030
 0.010
 -0.010
 -0.025
 -0.045
 -0.060
 -0.070
 -0.085
 -0.095
 -0.105
 -0.110
 -0.115
 -0.115
 -0.115
 -0.110
 -0.100
 -0.095
 -0.090
 -0.085
 -0.085
 -0.085
 -0.085
 -0.090
 -0.090
 -0.085
 -0.085
 -0.085
 -0.095
 -0.105
 -0.125
 -0.150
 -0.175
 -0.200
 -0.210
 -0.215
 -0.200
 -0.180
 -0.150
 -0.120
 -0.095
 -0.080
 -0.075
 -0.085
 -0.100
 -0.120
 -0.135
 -0.140
 -0.135
 -0.120
 -0.100
 -0.075
 -0.055
 -0.040
 -0.035
 -0.045
 -0.055
 -0.070
 -0.090
 -0.100
 -0.110
 -0.115
 -0.120
 -0.130
 -0.140
 -0.150
 -0.170
 -0.180
 -0.190
 -0.195
 -0.190
 -0.175
 -0.155
 -0.130
 -0.110
 -0.100
 -0.100
 -0.110
 -0.125
 -0.145
 -0.160
 -0.170
 -0.165
 -0.140
 -0.105
 -0.065
 -0.015
 0.025
 0.055
 0.070
 0.065
 0.040
 0.010
 -0.030
 -0.070
 -0.100
 -0.115
 -0.120
 -0.115
 -0.100
 -0.085
 -0.070
 -0.060
 -0.060
 -0.060
 -0.070
 -0.075
 -0.080
 -0.080
 -0.075
 -0.060
 -0.050
 -0.035
 -0.025
 -0.025
 -0.025
 -0.035
 -0.045
 -0.050
 -0.055
 -0.050
 -0.040
 -0.030
 -0.015
 -0.005
 0.000
 -0.005
 -0.015
 -0.035
 -0.055
 -0.070
 -0.085
 -0.085
 -0.080
 -0.065
 -0.045
 -0.025
 -0.015
 -0.010
 -0.010
 -0.025
 -0.040
 -0.060
 -0.080
 -0.090
 -0.090
 -0.085
 -0.070
 -0.050
 -0.025
 -0.010
 0.010
 0.015
 0.020
 0.015
 0.005
 -0.010
 -0.020
 -0.030
 -0.035
 -0.030
 -0.025
 -0.015
 -0.005
 0.000
 0.005
 0.000
 -0.015
 -0.035
 -0.055
 -0.075
 -0.090
 -0.090
 -0.085
 -0.070
 -0.050
 -0.025
 -0.010
 -0.005
 -0.010
 -0.030
 -0.060
 -0.090
 -0.115
 -0.130
 -0.135
 -0.130
 -0.120
 -0.105
 -0.095
 -0.095
 -0.105
 -0.130
 -0.160
 -0.185
 -0.205
 -0.210
 -0.195
 -0.160
 -0.115
 -0.065
 -0.020
 0.015
 0.035
 0.035
 0.025
 0.000
 -0.025
 -0.055
 -0.080
 -0.095
 -0.095
 -0.085
 -0.065
 -0.025
 0.025
 0.090
 0.160
 0.240
 0.315
 0.385
 0.440
 0.470
 0.480
 0.460
 0.420
 0.365
 0.305
 0.250
 0.195
 0.155
 0.120
 0.095
 0.070
 0.045
 0.010
 -0.030
 -0.070
 -0.110
 -0.140
 -0.155
 -0.155
 -0.140
 -0.110
 -0.080
 -0.055
 -0.035
 -0.030
 -0.045
 -0.070
 -0.100
 -0.135
 -0.160
 -0.175
 -0.175
 -0.165
 -0.145
 -0.125
 -0.100
 -0.080
 -0.070
 -0.060
 -0.055
 -0.055
 -0.055
 -0.055
 -0.055
 -0.060
 -0.070
 -0.085
 -0.100
 -0.120
 -0.135
 -0.145
 -0.145
 -0.140
 -0.125
 -0.105
 -0.080
 -0.065
 -0.050
 -0.045
 -0.050
 -0.060
 -0.075
 -0.090
 -0.100
 -0.105
 -0.105
 -0.105
 -0.105
 -0.105
 -0.110
 -0.115
 -0.120
 -0.120
 -0.120
 -0.110
 -0.100
 -0.080
 -0.065
 -0.045
 -0.035
 -0.030
 -0.035
 -0.040
 -0.050
 -0.060
 -0.065
 -0.065
 -0.060
 -0.050
 -0.040
 -0.035
 -0.035
 -0.035
 -0.040
 -0.045
 -0.050
 -0.045
 -0.035
 -0.020
 -0.005
 0.010
 0.025
 0.030
 0.035
 0.030
 0.020
 0.015
 0.015
 0.020
 0.025
 0.040
 0.055
 0.065
 0.070
 0.070
 0.065
 0.055
 0.040
 0.030
 0.020
 0.025
 0.030
 0.045
 0.060
 0.080
 0.095
 0.110
 0.120
 0.125
 0.125
 0.125
 0.125
 0.135
 0.145
 0.155
 0.175
 0.190
 0.200
 0.205
 0.200
 0.185
 0.165
 0.135
 0.100
 0.065
 0.035
 0.015
 0.000
 -0.010
 -0.010
 -0.005
 0.000
 0.005
 0.005
 0.005
 0.000
 -0.010
 -0.020
 -0.035
 -0.050
 -0.065
 -0.075
 -0.090
 -0.100
 -0.110
 -0.120
 -0.125
 -0.130
 -0.130
 -0.130
 -0.125
 -0.125
 -0.120
 -0.115
 -0.110
 -0.105
 -0.100
 -0.095
 -0.090
 -0.085
 -0.080
 -0.080
 -0.080
 -0.090
 -0.100
 -0.115
 -0.130
 -0.150
 -0.165
 -0.175
 -0.180
 -0.180
 -0.175
 -0.165
 -0.150
 -0.140
 -0.125
 -0.120
 -0.115
 -0.110
 -0.115
 -0.120
 -0.125
 -0.130
 -0.140
 -0.140
 -0.145
 -0.145
 -0.150
 -0.150
 -0.160
 -0.170
 -0.180
 -0.190
 -0.200
 -0.210
 -0.210
 -0.200
 -0.185
 -0.160
 -0.125
 -0.095
 -0.060
 -0.040
 -0.025
 -0.020
 -0.025
 -0.035
 -0.050
 -0.055
 -0.050
 -0.035
 -0.005
 0.030
 0.070
 0.110
 0.140
 0.160
 0.165
 0.155
 0.135
 0.110
 0.085
 0.065
 0.050
 0.040
 0.040
 0.045
 0.050
 0.060
 0.075
 0.080
 0.090
 0.095
 0.100
 0.100
 0.100
 0.095
 0.085
 0.065
 0.050
 0.030
 0.010
 0.000
 -0.010
 -0.010
 -0.005
 0.010
 0.025
 0.040
 0.050
 0.060
 0.065
 0.070
 0.070
 0.075
 0.080
 0.085
 0.095
 0.110
 0.120
 0.130
 0.135
 0.135
 0.135
 0.125
 0.110
 0.095
 0.080
 0.065
 0.050
 0.045
 0.040
 0.040
 0.045
 0.055
 0.065
 0.075
 0.080
 0.080
 0.075
 0.060
 0.035
 0.005
 -0.025
 -0.060
 -0.085
 -0.105
 -0.115
 -0.110
 -0.095
 -0.075
 -0.055
 -0.030
 -0.015
 -0.005
 -0.005
 -0.010
 -0.015
 -0.020
 -0.025
 -0.025
 -0.020
 -0.010
 0.000
 0.010
 0.015
 0.015
 0.015
 0.005
 0.000
 -0.005
 -0.010
 -0.005
 -0.005
 0.000
 0.000
 -0.005
 -0.020
 -0.035
 -0.050
 -0.065
 -0.070
 -0.060
 -0.030
 0.015
 0.080
 0.160
 0.245
 0.330
 0.410
 0.475
 0.525
 0.555
 0.570
 0.570
 0.555
 0.530
 0.490
 0.445
 0.390
 0.330
 0.265
 0.195
 0.130
 0.075
 0.030
 -0.005
 -0.020
 -0.015
 0.000
 0.030
 0.060
 0.095
 0.120
 0.140
 0.145
 0.145
 0.140
 0.130
 0.115
 0.110
 0.110
 0.115
 0.125
 0.140
 0.150
 0.155
 0.155
 0.150
 0.140
 0.135
 0.130
 0.135
 0.150
 0.175
 0.200
 0.225
 0.245
 0.260
 0.260
 0.260
 0.250
 0.240
 0.230
 0.230
 0.240
 0.250
 0.260
 0.270
 0.265
 0.255
 0.230
 0.200
 0.165
 0.135
 0.115
 0.110
 0.115
 0.135
 0.160
 0.190
 0.215
 0.225
 0.225
 0.210
 0.190
 0.160
 0.130
 0.100
 0.085
 0.075
 0.080
 0.085
 0.095
 0.105
 0.110
 0.115
 0.115
 0.110
 0.105
 0.105
 0.100
 0.100
 0.095
 0.090
 0.085
 0.075
 0.070
 0.070
 0.070
 0.085
 0.100
 0.120
 0.135
 0.150
 0.155
 0.150
 0.130
 0.110
 0.090
 0.080
 0.075
 0.090
 0.115
 0.150
 0.185
 0.215
 0.240
 0.245
 0.240
 0.220
 0.200
 0.185
 0.175
 0.180
 0.190
 0.210
 0.230
 0.245
 0.250
 0.245
 0.230
 0.205
 0.180
 0.155
 0.140
 0.140
 0.150
 0.170
 0.195
 0.220
 0.240
 0.250
 0.250
 0.245
 0.225
 0.200
 0.165
 0.135
 0.105
 0.080
 0.060
 0.045
 0.040
 0.045
 0.050
 0.060
 0.065
 0.070
 0.070
 0.065
 0.055
 0.045
 0.025
 0.010
 -0.005
 -0.025
 -0.035
 -0.050
 -0.060
 -0.070
 -0.080
 -0.085
 -0.090
 -0.095
 -0.100
 -0.100
 -0.100
 -0.100
 -0.095
 -0.090
 -0.085
 -0.080
 -0.070
 -0.065
 -0.065
 -0.070
 -0.080
 -0.095
 -0.110
 -0.130
 -0.150
 -0.165
 -0.170
 -0.170
 -0.165
 -0.155
 -0.140
 -0.130
 -0.125
 -0.125
 -0.125
 -0.135
 -0.145
 -0.150
 -0.155
 -0.150
 -0.145
 -0.135
 -0.120
 -0.105
 -0.090
 -0.080
 -0.080
 -0.080
 -0.090
 -0.105
 -0.130
 -0.155
 -0.185
 -0.210
 -0.230
 -0.240
 -0.240
 -0.225
 -0.200
 -0.170
 -0.140
 -0.110
 -0.090
 -0.080
 -0.075
 -0.085
 -0.095
 -0.105
 -0.110
 -0.110
 -0.100
 -0.090
 -0.080
 -0.075
 -0.075
 -0.080
 -0.095
 -0.110
 -0.120
 -0.130
 -0.130
 -0.125
 -0.115
 -0.100
 -0.085
 -0.080
 -0.075
 -0.080
 -0.090
 -0.105
 -0.115
 -0.115
 -0.115
 -0.100
 -0.085
 -0.065
 -0.045
 -0.030
 -0.015
 -0.010
 -0.010
 -0.015
 -0.020
 -0.025
 -0.035
 -0.045
 -0.055
 -0.070
 -0.085
 -0.100
 -0.110
 -0.125
 -0.130
 -0.140
 -0.145
 -0.145
 -0.145
 -0.150
 -0.155
 -0.160
 -0.160
 -0.165
 -0.160
 -0.150
 -0.135
 -0.120
 -0.095
 -0.080
 -0.070
 -0.070
 -0.075
 -0.100
 -0.125
 -0.160
 -0.190
 -0.220
 -0.240
 -0.245
 -0.240
 -0.225
 -0.200
 -0.170
 -0.135
 -0.105
 -0.080
 -0.060
 -0.055
 -0.055
 -0.065
 -0.080
 -0.095
 -0.110
 -0.120
 -0.125
 -0.130
 -0.130
 -0.135
 -0.140
 -0.150
 -0.155
 -0.155
 -0.145
 -0.110
 -0.055
 0.030
 0.130
 0.245
 0.355
 0.450
 0.520
 0.555
 0.550
 0.515
 0.450
 0.365
 0.280
 0.200
 0.135
 0.080
 0.040
 0.010
 -0.020
 -0.045
 -0.075
 -0.110
 -0.140
 -0.165
 -0.180
 -0.190
 -0.190
 -0.180
 -0.165
 -0.150
 -0.135
 -0.125
 -0.115
 -0.110
 -0.110
 -0.105
 -0.100
 -0.095
 -0.090
 -0.085
 -0.080
 -0.075
 -0.075
 -0.080
 -0.085
 -0.090
 -0.095
 -0.100
 -0.105
 -0.110
 -0.115
 -0.120
 -0.125
 -0.140
 -0.150
 -0.160
 -0.170
 -0.175
 -0.170
 -0.160
 -0.140
 -0.120
 -0.100
 -0.085
 -0.075
 -0.075
 -0.080
 -0.095
 -0.105
 -0.120
 -0.125
 -0.125
 -0.115
 -0.100
 -0.085
 -0.065
 -0.050
 -0.040
 -0.035
 -0.035
 -0.035
 -0.040
 -0.050
 -0.055
 -0.065
 -0.070
 -0.075
 -0.080
 -0.085
 -0.085
 -0.075
 -0.065
 -0.050
 -0.030
 -0.010
 0.010
 0.020
 0.030
 0.030
 0.020
 0.005
 -0.010
 -0.025
 -0.040
 -0.050
 -0.050
 -0.045
 -0.035
 -0.020
 -0.005
 0.015
 0.030
 0.040
 0.050
 0.055
 0.055
 0.055
 0.050
 0.050
 0.045
 0.040
 0.035
 0.030
 0.030
 0.025
 0.025
 0.025
 0.030
 0.035
 0.050
 0.065
 0.085
 0.110
 0.130
 0.155
 0.170
 0.185
 0.195
 0.200
 0.200
 0.190
 0.180
 0.165
 0.145
 0.120
 0.095
 0.075
 0.060
 0.050
 0.045
 0.050
 0.065
 0.080
 0.095
 0.105
 0.105
 0.095
 0.075
 0.050
 0.020
 -0.010
 -0.040
 -0.060
 -0.070
 -0.070
 -0.065
 -0.060
 -0.050
 -0.045
 -0.045
 -0.045
 -0.050
 -0.055
 -0.060
 -0.065
 -0.070
 -0.070
 -0.075
 -0.080
 -0.085
 -0.090
 -0.090
 -0.090
 -0.090
 -0.080
 -0.075
 -0.070
 -0.065
 -0.065
 -0.070
 -0.075
 -0.085
 -0.095
 -0.100
 -0.105
 -0.100
 -0.100
 -0.095
 -0.090
 -0.090
 -0.095
 -0.105
 -0.115
 -0.130
 -0.145
 -0.150
 -0.155
 -0.155
 -0.150
 -0.135
 -0.120
 -0.100
 -0.075
 -0.055
 -0.040
 -0.025
 -0.020
 -0.020
 -0.025
 -0.030
 -0.045
 -0.055
 -0.060
 -0.065
 -0.060
 -0.050
 -0.040
 -0.025
 -0.020
 -0.015
 -0.025
 -0.040
 -0.060
 -0.080
 -0.100
 -0.115
 -0.115
 -0.105
 -0.085
 -0.060
 -0.035
 -0.015
 -0.010
 -0.015
 -0.030
 -0.055
 -0.080
 -0.095
 -0.100
 -0.095
 -0.070
 -0.040
 -0.005
 0.025
 0.045
 0.055
 0.055
 0.045
 0.030
 0.015
 0.005
 0.000
 0.005
 0.015
 0.030
 0.040
 0.050
 0.055
 0.050
 0.040
 0.025
 0.005
 -0.020
 -0.045
 -0.065
 -0.085
 -0.100
 -0.110
 -0.115
 -0.115
 -0.110
 -0.100
 -0.095
 -0.085
 -0.085
 -0.085
 -0.085
 -0.085
 -0.085
 -0.080
 -0.075
 -0.065
 -0.050
 -0.040
 -0.030
 -0.025
 -0.025
 -0.030
 -0.035
 -0.040
 -0.045
 -0.045
 -0.050
 -0.050
 -0.055
 -0.055
 -0.060
 -0.070
 -0.080
 -0.090
 -0.100
 -0.115
 -0.125
 -0.130
 -0.135
 -0.135
 -0.135
 -0.125
 -0.115
 -0.100
 -0.090
 -0.075
 -0.070
 -0.060
 -0.050
 -0.040
 -0.020
 0.015
 0.065
 0.130
 0.210
 0.295
 0.375
 0.440
 0.485
 0.505
 0.495
 0.460
 0.410
 0.350
 0.290
 0.240
 0.195
 0.160
 0.135
 0.110
 0.085
 0.055
 0.015
 -0.025
 -0.065
 -0.100
 -0.125
 -0.130
 -0.125
 -0.105
 -0.080
 -0.055
 -0.040
 -0.035
 -0.045
 -0.065
 -0.095
 -0.125
 -0.145
 -0.150
 -0.145
 -0.115
 -0.080
 -0.035
 0.010
 0.040
 0.060
 0.055
 0.040
 0.015
 -0.015
 -0.040
 -0.060
 -0.070
 -0.070
 -0.065
 -0.060
 -0.060
 -0.065
 -0.070
 -0.085
 -0.095
 -0.100
 -0.095
 -0.085
 -0.070
 -0.050
 -0.030
 -0.015
 -0.010
 -0.015
 -0.025
 -0.040
 -0.055
 -0.060
 -0.065
 -0.055
 -0.045
 -0.030
 -0.015
 -0.005
 0.005
 0.000
 -0.005
 -0.015
 -0.025
 -0.035
 -0.045
 -0.050
 -0.055
 -0.050
 -0.045
 -0.030
 -0.020
 0.000
 0.015
 0.030
 0.040
 0.045
 0.045
 0.040
 0.035
 0.025
 0.025
 0.025
 0.030
 0.040
 0.050
 0.060
 0.065
 0.065
 0.060
 0.055
 0.050
 0.050
 0.060
 0.075
 0.095
 0.120
 0.140
 0.150
 0.150
 0.140
 0.125
 0.105
 0.085
 0.080
 0.080
 0.095
 0.120
 0.150
 0.175
 0.200
 0.210
 0.215
 0.205
 0.195
 0.185
 0.175
 0.175
 0.175
 0.180
 0.185
 0.190
 0.190
 0.185
 0.175
 0.165
 0.155
 0.145
 0.145
 0.145
 0.145
 0.145
 0.145
 0.140
 0.135
 0.125
 0.115
 0.110
 0.100
 0.100
 0.100
 0.100
 0.095
 0.090
 0.080
 0.065
 0.045
 0.020
 -0.005
 -0.025
 -0.045
 -0.055
 -0.060
 -0.065
 -0.060
 -0.055
 -0.050
 -0.045
 -0.040
 -0.035
 -0.030
 -0.025
 -0.020
 -0.015
 -0.005
 0.000
 0.005
 0.010
 0.010
 0.000
 -0.010
 -0.025
 -0.040
 -0.050
 -0.055
 -0.055
 -0.045
 -0.030
 -0.015
 0.000
 0.005
 0.005
 0.000
 -0.015
 -0.030
 -0.045
 -0.055
 -0.065
 -0.065
 -0.060
 -0.060
 -0.055
 -0.055
 -0.060
 -0.070
 -0.080
 -0.085
 -0.095
 -0.095
 -0.090
 -0.080
 -0.070
 -0.055
 -0.045
 -0.030
 -0.020
 -0.015
 -0.005
 0.010
 0.020
 0.035
 0.050
 0.065
 0.075
 0.075
 0.070
 0.060
 0.045
 0.030
 0.010
 0.000
 -0.010
 -0.010
 -0.005
 0.005
 0.015
 0.020
 0.030
 0.030
 0.030
 0.025
 0.020
 0.010
 0.005
 0.005
 0.005
 0.010
 0.015
 0.030
 0.040
 0.050
 0.055
 0.055
 0.045
 0.035
 0.015
 -0.005
 -0.025
 -0.045
 -0.055
 -0.060
 -0.060
 -0.055
 -0.045
 -0.035
 -0.030
 -0.025
 -0.020
 -0.020
 -0.020
 -0.025
 -0.030
 -0.030
 -0.035
 -0.040
 -0.045
 -0.050
 -0.050
 -0.045
 -0.040
 -0.035
 -0.025
 -0.025
 -0.020
 -0.030
 -0.040
 -0.055
 -0.070
 -0.085
 -0.095
 -0.095
 -0.090
 -0.080
 -0.065
 -0.055
 -0.045
 -0.045
 -0.045
 -0.050
 -0.055
 -0.060
 -0.055
 -0.045
 -0.030
 -0.015
 0.005
 0.020
 0.035
 0.045
 0.055
 0.075
 0.110
 0.150
 0.210
 0.275
 0.340
 0.400
 0.440
 0.460
 0.455
 0.420
 0.370
 0.310
 0.245
 0.185
 0.135
 0.100
 0.070
 0.050
 0.030
 0.015
 -0.005
 -0.020
 -0.035
 -0.045
 -0.050
 -0.045
 -0.035
 -0.020
 -0.005
 0.000
 0.000
 -0.010
 -0.030
 -0.050
 -0.075
 -0.095
 -0.110
 -0.110
 -0.110
 -0.100
 -0.085
 -0.070
 -0.055
 -0.045
 -0.040
 -0.040
 -0.040
 -0.045
 -0.050
 -0.050
 -0.045
 -0.040
 -0.025
 -0.015
 0.000
 0.010
 0.015
 0.015
 0.010
 0.005
 -0.005
 -0.015
 -0.015
 -0.015
 -0.005
 0.010
 0.025
 0.030
 0.035
 0.030
 0.020
 0.000
 -0.015
 -0.030
 -0.040
 -0.040
 -0.035
 -0.025
 -0.015
 -0.010
 -0.010
 -0.020
 -0.030
 -0.045
 -0.060
 -0.065
 -0.060
 -0.055
 -0.040
 -0.020
 -0.005
 0.005
 0.010
 0.020
 0.025
 0.030
 0.040
 0.055
 0.070
 0.080
 0.085
 0.080
 0.070
 0.055
 0.035
 0.025
 0.020
 0.025
 0.040
 0.060
 0.085
 0.115
 0.135
 0.150
 0.155
 0.155
 0.150
 0.140
 0.130
 0.115
 0.105
 0.090
 0.080
 0.075
 0.070
 0.075
 0.080
 0.100
 0.115
 0.135
 0.150
 0.160
 0.160
 0.155
 0.140
 0.130
 0.120
 0.120
 0.125
 0.140
 0.155
 0.175
 0.180
 0.180
 0.165
 0.140
 0.110
 0.080
 0.060
 0.050
 0.050
 0.065
 0.080
 0.100
 0.105
 0.105
 0.095
 0.075
 0.050
 0.025
 0.005
 -0.005
 -0.005
 0.005
 0.015
 0.020
 0.025
 0.025
 0.020
 0.005
 -0.015
 -0.035
 -0.050
 -0.065
 -0.075
 -0.080
 -0.080
 -0.080
 -0.075
 -0.070
 -0.065
 -0.060
 -0.065
 -0.065
 -0.070
 -0.080
 -0.090
 -0.095
 -0.100
 -0.105
 -0.100
 -0.095
 -0.090
 -0.080
 -0.070
 -0.065
 -0.060
 -0.060
 -0.065
 -0.075
 -0.085
 -0.095
 -0.105
 -0.110
 -0.115
 -0.110
 -0.105
 -0.100
 -0.090
 -0.080
 -0.075
 -0.070
 -0.070
 -0.070
 -0.080
 -0.085
 -0.095
 -0.105
 -0.105
 -0.105
 -0.100
 -0.095
 -0.085
 -0.075
 -0.065
 -0.060
 -0.060
 -0.060
 -0.065
 -0.065
 -0.065
 -0.065
 -0.060
 -0.050
 -0.035
 -0.025
 -0.015
 -0.010
 -0.010
 -0.010
 -0.015
 -0.015
 -0.015
 -0.015
 -0.005
 0.005
 0.015
 0.030
 0.035
 0.040
 0.040
 0.035
 0.025
 0.015
 0.005
 -0.005
 -0.015
 -0.025
 -0.035
 -0.045
 -0.055
 -0.070
 -0.080
 -0.085
 -0.090
 -0.095
 -0.090
 -0.085
 -0.080
 -0.070
 -0.060
 -0.055
 -0.050
 -0.050
 -0.055
 -0.060
 -0.065
 -0.075
 -0.085
 -0.095
 -0.105
 -0.110
 -0.110
 -0.110
 -0.105
 -0.095
 -0.080
 -0.065
 -0.050
 -0.040
 -0.035
 -0.040
 -0.050
 -0.065
 -0.080
 -0.100
 -0.110
 -0.115
 -0.110
 -0.105
 -0.095
 -0.085
 -0.080
 -0.080
 -0.080
 -0.090
 -0.100
 -0.105
 -0.110
 -0.110
 -0.110
 -0.100
 -0.095
 -0.090
 -0.090
 -0.095
 -0.100
 -0.105
 -0.105
 -0.095
 -0.075
 -0.035
 0.020
 0.095
 0.175
 0.260
 0.340
 0.405
 0.450
 0.465
 0.455
 0.420
 0.360
 0.295
 0.220
 0.150
 0.095
 0.050
 0.020
 0.005
 -0.010
 -0.025
 -0.040
 -0.065
 -0.095
 -0.125
 -0.155
 -0.170
 -0.180
 -0.175
 -0.155
 -0.130
 -0.105
 -0.080
 -0.060
 -0.055
 -0.055
 -0.060
 -0.070
 -0.080
 -0.085
 -0.090
 -0.085
 -0.080
 -0.075
 -0.070
 -0.075
 -0.080
 -0.090
 -0.095
 -0.105
 -0.105
 -0.105
 -0.095
 -0.080
 -0.065
 -0.045
 -0.035
 -0.025
 -0.025
 -0.035
 -0.050
 -0.065
 -0.085
 -0.095
 -0.105
 -0.105
 -0.095
 -0.080
 -0.055
 -0.030
 -0.010
 0.005
 0.015
 0.015
 0.005
 -0.010
 -0.030
 -0.055
 -0.075
 -0.090
 -0.095
 -0.095
 -0.090
 -0.080
 -0.065
 -0.050
 -0.040
 -0.030
 -0.030
 -0.030
 -0.035
 -0.045
 -0.055
 -0.060
 -0.060
 -0.055
 -0.045
 -0.025
 -0.005
 0.020
 0.045
 0.065
 0.075
 0.085
 0.080
 0.075
 0.070
 0.065
 0.065
 0.075
 0.090
 0.110
 0.130
 0.145
 0.150
 0.150
 0.135
 0.115
 0.090
 0.070
 0.050
 0.040
 0.035
 0.040
 0.050
 0.060
 0.070
 0.075
 0.080
 0.080
 0.085
 0.095
 0.105
 0.120
 0.135
 0.155
 0.170
 0.180
 0.185
 0.185
 0.185
 0.175
 0.170
 0.160
 0.155
 0.145
 0.140
 0.130
 0.120
 0.115
 0.105
 0.100
 0.095
 0.090
 0.085
 0.085
 0.080
 0.070
 0.065
 0.050
 0.035
 0.025
 0.010
 -0.005
 -0.015
 -0.020
 -0.025
 -0.030
 -0.030
 -0.030
 -0.030
 -0.030
 -0.030
 -0.030
 -0.035
 -0.040
 -0.045
 -0.050
 -0.060
 -0.065
 -0.065
 -0.065
 -0.060
 -0.055
 -0.045
 -0.035
 -0.030
 -0.030
 -0.035
 -0.045
 -0.055
 -0.070
 -0.080
 -0.090
 -0.090
 -0.085
 -0.075
 -0.065
 -0.050
 -0.045
 -0.045
 -0.050
 -0.065
 -0.080
 -0.090
 -0.100
 -0.110
 -0.110
 -0.105
 -0.100
 -0.100
 -0.100
 -0.110
 -0.120
 -0.135
 -0.145
 -0.150
 -0.145
 -0.130
 -0.100
 -0.065
 -0.030
 0.005
 0.025
 0.040
 0.040
 0.030
 0.015
 0.000
 -0.010
 -0.015
 -0.010
 -0.005
 0.005
 0.015
 0.020
 0.015
 0.005
 -0.010
 -0.020
 -0.030
 -0.030
 -0.020
 -0.010
 0.005
 0.015
 0.020
 0.020
 0.015
 0.005
 -0.005
 -0.005
 0.000
 0.015
 0.035
 0.055
 0.070
 0.080
 0.075
 0.065
 0.045
 0.020
 0.000
 -0.020
 -0.030
 -0.035
 -0.035
 -0.035
 -0.030
 -0.030
 -0.025
 -0.025
 -0.020
 -0.015
 -0.010
 -0.005
 -0.005
 -0.010
 -0.025
 -0.045
 -0.065
 -0.085
 -0.100
 -0.100
 -0.090
 -0.065
 -0.040
 -0.010
 0.010
 0.020
 0.020
 0.005
 -0.020
 -0.045
 -0.065
 -0.080
 -0.085
 -0.085
 -0.075
 -0.060
 -0.050
 -0.040
 -0.035
 -0.040
 -0.045
 -0.050
 -0.055
 -0.060
 -0.065
 -0.070
 -0.075
 -0.075
 -0.080
 -0.085
 -0.090
 -0.085
 -0.080
 -0.065
 -0.045
 -0.015
 0.020
 0.065
 0.115
 0.170
 0.235
 0.295
 0.355
 0.405
 0.445
 0.460
 0.455
 0.430
 0.380
 0.320
 0.255
 0.190
 0.135
 0.090
 0.060
 0.040
 0.030
 0.025
 0.020
 0.015
 0.005
 -0.005
 -0.015
 -0.025
 -0.030
 -0.030
 -0.030
 -0.035
 -0.040
 -0.045
 -0.060
 -0.070
 -0.080
 -0.080
 -0.080
 -0.075
 -0.060
 -0.050
 -0.045
 -0.040
 -0.045
 -0.055
 -0.070
 -0.080
 -0.085
 -0.085
 -0.075
 -0.055
 -0.035
 -0.010
 0.010
 0.020
 0.020
 0.015
 0.000
 -0.015
 -0.025
 -0.035
 -0.035
 -0.030
 -0.025
 -0.025
 -0.025
 -0.025
 -0.035
 -0.040
 -0.050
 -0.050
 -0.045
 -0.030
 -0.015
 0.005
 0.020
 0.025
 0.025
 0.010
 -0.005
 -0.025
 -0.045
 -0.055
 -0.060
 -0.055
 -0.045
 -0.030
 -0.015
 0.000
 0.015
 0.025
 0.035
 0.040
 0.045
 0.045
 0.045
 0.040
 0.025
 0.015
 0.000
 -0.010
 -0.015
 -0.010
 0.005
 0.035
 0.070
 0.100
 0.130
 0.150
 0.155
 0.145
 0.120
 0.090
 0.055
 0.030
 0.015
 0.010
 0.020
 0.040
 0.065
 0.090
 0.110
 0.120
 0.120
 0.110
 0.100
 0.090
 0.085
 0.090
 0.105
 0.130
 0.155
 0.185
 0.210
 0.225
 0.230
 0.230
 0.220
 0.205
 0.190
 0.180
 0.170
 0.170
 0.165
 0.165
 0.160
 0.150
 0.140
 0.125
 0.115
 0.100
 0.090
 0.080
 0.075
 0.070
 0.065
 0.065
 0.065
 0.060
 0.060
 0.060
 0.060
 0.060
 0.055
 0.050
 0.040
 0.025
 0.010
 -0.005
 -0.020
 -0.025
 -0.030
 -0.025
 -0.015
 -0.005
 0.000
 0.005
 0.000
 -0.010
 -0.030
 -0.045
 -0.065
 -0.080
 -0.085
 -0.090
 -0.080
 -0.070
 -0.055
 -0.040
 -0.030
 -0.020
 -0.020
 -0.030
 -0.040
 -0.055
 -0.075
 -0.090
 -0.095
 -0.100
 -0.095
 -0.080
 -0.065
 -0.045
 -0.025
 -0.005
 0.010
 0.015
 0.015
 0.010
 0.005
 -0.005
 -0.020
 -0.030
 -0.040
 -0.050
 -0.060
 -0.065
 -0.070
 -0.070
 -0.065
 -0.055
 -0.040
 -0.025
 -0.010
 0.005
 0.015
 0.015
 0.010
 0.000
 -0.015
 -0.030
 -0.045
 -0.055
 -0.060
 -0.055
 -0.045
 -0.035
 -0.025
 -0.015
 -0.010
 -0.010
 -0.020
 -0.025
 -0.035
 -0.045
 -0.045
 -0.045
 -0.035
 -0.025
 -0.005
 0.015
 0.035
 0.050
 0.065
 0.070
 0.075
 0.070
 0.060
 0.050
 0.040
 0.035
 0.030
 0.035
 0.040
 0.050
 0.060
 0.070
 0.075
 0.080
 0.075
 0.070
 0.055
 0.045
 0.035
 0.030
 0.025
 0.020
 0.020
 0.020
 0.015
 0.010
 0.000
 -0.015
 -0.030
 -0.040
 -0.045
 -0.045
 -0.035
 -0.020
 0.000
 0.020
 0.040
 0.050
 0.050
 0.035
 0.010
 -0.020
 -0.055
 -0.080
 -0.100
 -0.105
 -0.095
 -0.070
 -0.035
 0.000
 0.035
 0.065
 0.080
 0.080
 0.075
 0.060
 0.040
 0.020
 0.005
 -0.010
 -0.025
