0.585
0.600
0.525
0.515
0.420
0.410
0.375
0.375
0.440
0.465
0.440
0.445
0.425
0.375
0.320
0.295
0.300
0.340
0.360
0.425
0.435
0.405
0.285
0.270
0.265
0.220
0.145
0.145
0.265
0.340
0.375
0.360
0.305
0.260
0.235
0.210
0.215
0.260
0.300
0.310
0.325
0.355
0.300
0.275
0.200
0.125
0.165
0.220
0.290
0.305
0.340
0.315
0.295
0.225
0.180
0.175
0.215
0.205
0.300
0.315
0.345
0.350
0.360
0.290
0.145
0.115
0.210
0.225
0.275
0.300
0.350
0.340
0.305
0.240
0.225
0.205
0.205
0.260
0.305
0.370
0.345
0.360
0.335
0.210
0.215
0.195
0.200
0.240
0.250
0.335
0.330
0.310
0.300
0.230
0.210
0.190
0.200
0.225
0.245
0.355
0.380
0.380
0.285
0.175
0.225
0.205
0.230
0.250
0.315
0.345
0.355
0.315
0.290
0.225
0.185
0.215
0.210
0.215
0.290
0.325
0.320
0.315
0.300
0.240
0.150
0.185
0.235
0.245
0.295
0.345
0.320
0.275
0.265
0.185
0.200
0.200
0.230
0.230
0.325
0.300
0.330
0.290
0.275
0.180
0.190
0.205
0.230
0.265
0.345
0.355
0.330
0.325
0.235
0.165
0.175
0.120
0.210
0.250
0.275
0.280
0.320
0.290
0.245
0.210
0.170
0.140
0.205
0.280
0.285
0.325
0.280
0.255
0.240
0.180
0.185
0.185
0.200
0.250
0.300
0.305
0.315
0.280
0.160
0.150
0.145
0.165
0.270
0.315
0.320
0.405
0.365
0.310
0.265
0.225
0.190
0.185
0.205
0.320
0.295
0.350
0.335
0.330
0.300
0.255
0.235
0.205
0.220
0.290
0.360
0.375
0.390
0.370
0.220
0.195
0.185
0.160
0.210
0.290
0.320
0.345
0.330
0.265
0.180
0.155
0.150
0.190
0.210
0.260
0.295
0.295
0.305
0.275
0.185
0.165
0.165
0.180
0.165
0.215
0.280
0.260
0.250
0.235
0.150
0.135
0.140
0.145
0.230
0.255
0.285
0.290
0.230
0.160
0.155
0.175
0.125
0.135
0.165
0.240
0.240
0.250
0.240
0.190
0.110
0.120
0.130
0.165
0.370
0.495
0.530
0.565
0.565
0.645
0.660
0.805
0.835
0.830
0.815
0.850
0.850
0.760
0.625
0.455
0.305
0.165
0.005
-0.025
0.110
0.155
0.210
0.195
0.195
0.225
0.190
0.160
0.190
0.265
0.260
0.355
0.330
0.280
0.265
0.205
0.145
0.165
0.185
0.225
0.255
0.295
0.335
0.310
0.305
0.230
0.185
0.160
0.145
0.180
0.215
0.315
0.360
0.330
0.360
0.245
0.185
0.140
0.170
0.240
0.285
0.320
0.335
0.325
0.315
0.300
0.215
0.205
0.220
0.265
0.320
0.335
0.360
0.370
0.270
0.250
0.210
0.200
0.195
0.275
0.370
0.385
0.410
0.385
0.325
0.260
0.230
0.270
0.265
0.325
0.395
0.465
0.455
0.420
0.395
0.335
0.275
0.285
0.315
0.355
0.410
0.470
0.490
0.510
0.485
0.435
0.365
0.385
0.410
0.430
0.495
0.545
0.545
0.520
0.460
0.425
0.435
0.470
0.450
0.475
0.570
0.600
0.565
0.495
0.480
0.435
0.405
0.410
0.470
0.535
0.560
0.555
0.525
0.480
0.470
0.400
0.340
0.335
0.320
0.365
0.435
0.430
0.390
0.365
0.350
0.315
0.250
0.185
0.195
0.215
0.305
0.330
0.355
0.265
0.235
0.175
0.185
0.135
0.190
0.265
0.320
0.330
0.270
0.225
0.200
0.165
0.160
0.150
0.160
0.225
0.230
0.295
0.310
0.295
0.255
0.085
0.025
0.110
0.175
0.240
0.285
0.220
0.215
0.230
0.200
0.155
0.130
0.105
0.160
0.240
0.250
0.270
0.225
0.250
0.185
0.180
0.130
0.160
0.235
0.255
0.275
0.280
0.275
0.240
0.150
0.140
0.145
0.155
0.210
0.280
0.310
0.305
0.260
0.215
0.165
0.130
0.150
0.165
0.175
0.200
0.245
0.335
0.315
0.240
0.145
0.115
0.125
0.150
0.190
0.240
0.300
0.330
0.330
0.200
0.170
0.155
0.125
0.110
0.160
0.265
0.285
0.295
0.280
0.225
0.180
0.125
0.125
0.145
0.205
0.255
0.295
0.305
0.255
0.210
0.125
0.110
0.105
0.155
0.190
0.260
0.300
0.275
0.225
0.205
0.140
0.085
0.095
0.160
0.170
0.235
0.260
0.270
0.225
0.195
0.155
0.110
0.145
0.170
0.240
0.210
0.275
0.285
0.275
0.205
0.125
0.130
0.140
0.150
0.225
0.230
0.260
0.290
0.240
0.165
0.115
0.065
0.105
0.165
0.185
0.255
0.275
0.215
0.160
0.190
0.170
0.150
0.145
0.170
0.175
0.220
0.310
0.325
0.250
0.175
0.155
0.095
0.130
0.135
0.170
0.210
0.225
0.245
0.185
0.170
0.125
0.115
0.110
0.165
0.220
0.250
0.265
0.275
0.230
0.190
0.145
0.100
0.180
0.175
0.225
0.280
0.255
0.285
0.235
0.205
0.110
0.105
0.155
0.240
0.280
0.290
0.350
0.375
0.330
0.195
0.165
0.180
0.135
0.170
0.270
0.310
0.300
0.270
0.295
0.200
0.175
0.185
0.170
0.195
0.240
0.260
0.255
0.245
0.190
0.160
0.120
0.055
0.160
0.195
0.190
0.190
0.240
0.230
0.165
0.130
0.130
0.165
0.125
0.150
0.170
0.230
0.230
0.190
0.185
0.140
0.085
0.085
0.110
0.145
0.215
0.250
0.235
0.220
0.205
0.140
0.150
0.105
0.050
0.080
0.175
0.195
0.215
0.145
0.125
0.115
0.170
0.205
0.295
0.360
0.465
0.535
0.660
0.760
0.840
0.815
0.785
0.760
0.725
0.760
0.700
0.605
0.530
0.365
0.195
0.070
-0.005
-0.060
0.060
0.130
0.160
0.180
0.245
0.255
0.195
0.145
0.105
0.110
0.175
0.180
0.235
0.285
0.285
0.280
0.200
0.095
0.095
0.135
0.130
0.190
0.225
0.275
0.305
0.230
0.125
0.090
0.130
0.190
0.220
0.215
0.230
0.230
0.265
0.285
0.220
0.155
0.115
0.095
0.175
0.280
0.345
0.340
0.295
0.250
0.210
0.185
0.140
0.135
0.200
0.205
0.280
0.310
0.320
0.275
0.205
0.205
0.230
0.215
0.175
0.250
0.345
0.310
0.335
0.285
0.235
0.225
0.200
0.270
0.280
0.315
0.360
0.455
0.430
0.370
0.295
0.265
0.290
0.295
0.330
0.390
0.470
0.490
0.425
0.405
0.390
0.365
0.405
0.400
0.410
0.470
0.480
0.420
0.475
0.500
0.425
0.385
0.400
0.410
0.435
0.500
0.555
0.540
0.560
0.480
0.340
0.350
0.370
0.385
0.445
0.495
0.470
0.460
0.415
0.385
0.310
0.265
0.290
0.245
0.300
0.330
0.310
0.325
0.305
0.275
0.195
0.120
0.195
0.185
0.210
0.265
0.270
0.290
0.230
0.235
0.170
0.150
0.120
0.155
0.170
0.210
0.250
0.270
0.280
0.220
0.080
0.080
0.095
0.120
0.190
0.205
0.260
0.225
0.215
0.175
0.100
0.075
0.080
0.125
0.195
0.185
0.220
0.195
0.215
0.205
0.090
0.080
0.100
0.115
0.185
0.240
0.250
0.250
0.205
0.130
0.150
0.140
0.130
0.140
0.205
0.225
0.250
0.275
0.200
0.125
0.150
0.125
0.120
0.155
0.170
0.260
0.265
0.265
0.195
0.140
0.095
0.090
0.130
0.190
0.245
0.260
0.245
0.200
0.185
0.120
0.105
0.110
0.120
0.150
0.220
0.275
0.215
0.185
0.145
0.095
0.085
0.170
0.190
0.205
0.210
0.250
0.230
0.185
0.165
0.130
0.120
0.135
0.140
0.180
0.170
0.225
0.265
0.205
0.185
0.160
0.140
0.115
0.130
0.185
0.275
0.260
0.225
0.205
0.175
0.130
0.050
0.035
0.070
0.150
0.190
0.260
0.235
0.215
0.210
0.125
0.070
0.085
0.105
0.150
0.215
0.245
0.240
0.225
0.210
0.165
0.105
0.100
0.090
0.140
0.205
0.280
0.225
0.145
0.130
0.155
0.145
0.115
0.155
0.195
0.230
0.260
0.265
0.215
0.105
0.105
0.090
0.090
0.140
0.190
0.270
0.300
0.240
0.185
0.115
0.095
0.085
0.135
0.165
0.250
0.290
0.310
0.245
0.230
0.175
0.145
0.130
0.135
0.165
0.220
0.240
0.260
0.290
0.235
0.170
0.165
0.170
0.135
0.170
0.240
0.280
0.250
0.205
0.205
0.195
0.165
0.195
0.165
0.140
0.165
0.230
0.345
0.320
0.260
0.200
0.180
0.175
0.210
0.215
0.280
0.305
0.290
0.330
0.345
0.235
0.180
0.185
0.180
0.240
0.290
0.340
0.380
0.365
0.305
0.240
0.175
0.180
0.185
0.225
0.300
0.270
0.280
0.275
0.205
0.185
0.155
0.115
0.100
0.165
0.285
0.290
0.275
0.265
0.265
0.155
0.120
0.110
0.155
0.200
0.260
0.260
0.255
0.210
0.220
0.220
0.175
0.125
0.140
0.135
0.255
0.305
0.290
0.235
0.205
0.115
0.130
0.175
0.195
0.185
0.240
0.195
0.135
0.150
0.110
0.130
0.090
0.135
0.265
0.375
0.425
0.485
0.535
0.590
0.645
0.695
0.785
0.810
0.805
0.795
0.820
0.775
0.695
0.545
0.360
0.155
0.025
0.005
0.010
0.090
0.140
0.195
0.190
0.225
0.230
0.210
0.160
0.145
0.070
0.150
0.230
0.245
0.250
0.200
0.155
0.085
0.100
0.120
0.175
0.195
0.220
0.230
0.225
0.255
0.180
0.140
0.140
0.145
0.130
0.175
0.325
0.300
0.270
0.275
0.190
0.185
0.150
0.145
0.150
0.260
0.315
0.300
0.295
0.310
0.260
0.170
0.150
0.170
0.195
0.235
0.285
0.300
0.300
0.350
0.240
0.175
0.195
0.210
0.225
0.290
0.330
0.330
0.325
0.320
0.195
0.105
0.140
0.260
0.245
0.350
0.410
0.410
0.370
0.285
0.280
0.270
0.230
0.300
0.320
0.390
0.420
0.430
0.435
0.405
0.365
0.340
0.270
0.345
0.390
0.430
0.475
0.510
0.460
0.445
0.375
0.355
0.375
0.385
0.425
0.515
0.505
0.520
0.500
0.490
0.385
0.350
0.345
0.380
0.425
0.475
0.500
0.465
0.415
0.370
0.300
0.245
0.240
0.285
0.290
0.345
0.345
0.300
0.315
0.260
0.170
0.090
0.145
0.230
0.270
0.205
0.190
0.230
0.230
0.190
0.115
0.085
0.095
0.125
0.100
0.150
0.205
0.210
0.170
0.145
0.045
0.100
0.100
0.110
0.205
0.190
0.190
0.205
0.155
0.135
0.110
0.040
-0.010
0.035
0.125
0.215
0.255
0.190
0.170
0.125
0.040
0.045
0.095
0.115
0.160
0.205
0.220
0.200
0.140
0.070
0.015
-0.025
0.055
0.105
0.180
0.240
0.240
0.235
0.100
0.060
0.040
0.065
0.065
0.105
0.180
0.175
0.235
0.220
0.175
0.125
0.090
0.025
0.035
0.095
0.170
0.230
0.225
0.155
0.140
0.135
0.070
0.065
0.065
0.115
0.185
0.185
0.190
0.155
0.185
0.105
0.070
0.020
0.055
0.110
0.190
0.215
0.220
0.175
0.140
0.085
0.035
0.070
0.095
0.120
0.175
0.180
0.160
0.160
0.130
0.025
0.045
0.085
0.080
0.100
0.145
0.150
0.190
0.140
0.120
0.015
0.010
0.115
0.085
0.160
0.175
0.200
0.165
0.115
0.080
0.040
0.055
0.040
0.100
0.130
0.155
0.150
0.145
0.165
0.125
0.030
0.055
-0.025
0.040
0.105
0.115
0.135
0.165
0.165
0.085
0.000
0.005
0.020
0.060
0.135
0.175
0.205
0.185
0.110
0.065
0.020
0.000
0.030
0.040
0.105
0.185
0.225
0.150
0.105
0.085
0.035
0.040
0.005
0.015
0.115
0.140
0.145
0.140
0.115
0.085
0.025
-0.005
-0.015
0.030
0.100
0.120
0.140
0.175
0.095
0.010
0.005
-0.010
0.050
0.030
0.110
0.130
0.175
0.190
0.150
0.070
0.020
-0.030
0.005
0.065
0.130
0.160
0.130
0.130
0.095
0.010
0.050
0.010
0.030
0.070
0.135
0.135
0.130
0.135
0.120
0.000
0.015
0.040
-0.005
0.035
0.175
0.165
0.145
0.180
0.140
0.065
-0.005
-0.025
0.010
0.050
0.140
0.165
0.180
0.165
0.165
0.085
0.065
0.055
0.110
0.165
0.210
0.190
0.195
0.165
0.145
0.105
0.080
0.045
0.055
0.100
0.130
0.180
0.110
0.080
0.070
0.030
0.025
0.020
-0.020
0.005
0.085
0.095
0.100
0.110
0.075
0.020
-0.010
0.020
0.040
0.100
0.100
0.065
0.095
0.100
0.035
-0.025
-0.030
-0.065
0.010
0.040
0.085
0.135
0.110
0.090
0.100
0.050
-0.040
-0.030
0.030
0.065
0.070
0.080
0.095
0.050
-0.015
-0.030
-0.105
-0.040
0.000
0.070
0.145
0.250
0.330
0.345
0.305
0.265
0.360
0.585
0.670
0.745
0.770
0.760
0.685
0.575
0.395
0.260
0.140
0.085
-0.015
-0.025
-0.010
0.045
0.015
0.025
-0.030
0.005
-0.015
-0.010
0.025
0.095
0.140
0.175
0.130
0.125
0.025
-0.075
-0.060
-0.005
0.020
0.085
0.105
0.140
0.135
0.125
0.045
0.045
-0.020
0.035
0.065
0.085
0.110
0.160
0.115
0.030
0.025
0.015
0.045
-0.020
0.060
0.160
0.185
0.175
0.110
0.065
0.015
0.065
0.095
0.035
0.045
0.155
0.180
0.200
0.160
0.105
0.090
0.050
0.045
0.030
0.090
0.195
0.190
0.160
0.165
0.155
0.105
0.065
0.060
0.080
0.160
0.245
0.220
0.255
0.215
0.195
0.110
0.100
0.115
0.170
0.225
0.215
0.260
0.280
0.295
0.230
0.185
0.190
0.220
0.260
0.280
0.320
0.390
0.380
0.350
0.265
0.225
0.225
0.260
0.290
0.330
0.420
0.430
0.415
0.355
0.280
0.285
0.245
0.260
0.300
0.350
0.395
0.385
0.385
0.345
0.245
0.195
0.225
0.215
0.200
0.280
0.325
0.240
0.225
0.205
0.155
0.095
0.065
0.060
0.085
0.120
0.150
0.185
0.190
0.105
0.050
0.010
-0.045
-0.020
0.055
0.090
0.125
0.120
0.135
0.095
0.025
-0.010
-0.100
-0.030
-0.005
0.060
0.070
0.055
0.100
0.045
-0.015
-0.020
-0.020
-0.030
-0.010
-0.015
0.055
0.100
0.060
0.005
-0.035
-0.035
-0.035
-0.020
0.025
0.055
0.105
0.060
0.065
0.060
-0.030
-0.045
-0.070
-0.025
-0.040
0.055
0.100
0.100
0.060
0.065
-0.005
-0.090
-0.090
-0.025
0.000
0.090
0.095
0.100
0.045
0.015
-0.030
-0.060
-0.075
-0.045
0.000
0.045
0.070
0.070
0.050
0.020
-0.030
-0.045
-0.045
-0.025
0.050
0.105
0.070
0.080
0.045
0.025
-0.035
-0.070
-0.090
-0.050
0.035
0.085
0.040
0.030
0.020
0.020
-0.055
-0.025
-0.060
-0.020
0.035
0.025
0.090
0.055
0.015
0.010
-0.045
-0.060
-0.125
-0.135
-0.025
0.060
0.055
0.055
0.020
-0.055
-0.090
-0.095
-0.090
-0.055
-0.005
0.060
0.045
0.040
0.015
0.010
-0.060
-0.125
-0.130
-0.055
-0.025
0.005
0.025
0.015
0.030
-0.065
-0.070
-0.095
-0.085
-0.050
0.000
0.000
0.040
0.030
-0.030
-0.075
-0.125
-0.160
-0.125
-0.065
-0.010
0.015
0.025
0.015
-0.005
-0.040
-0.125
-0.160
-0.135
-0.090
-0.035
0.035
0.070
0.055
-0.015
-0.090
-0.155
-0.150
-0.140
-0.070
0.010
0.035
0.040
-0.040
-0.020
-0.105
-0.140
-0.140
-0.130
-0.100
-0.005
0.030
0.050
0.055
-0.015
-0.090
-0.120
-0.160
-0.130
-0.115
-0.080
-0.025
-0.005
0.020
-0.030
-0.100
-0.155
-0.125
-0.115
-0.070
-0.010
0.020
0.005
-0.040
-0.070
-0.090
-0.130
-0.130
-0.110
-0.060
-0.030
0.035
0.005
-0.060
-0.075
-0.090
-0.125
-0.175
-0.155
-0.055
-0.015
-0.010
0.005
-0.050
-0.080
-0.125
-0.145
-0.145
-0.115
-0.055
-0.020
0.020
0.015
-0.035
-0.110
-0.145
-0.135
-0.085
-0.060
-0.010
0.025
0.020
0.040
0.025
-0.035
-0.080
-0.150
-0.085
-0.060
0.000
0.035
0.075
0.045
0.010
-0.025
-0.075
-0.090
-0.070
-0.040
-0.105
0.000
0.065
0.060
0.015
-0.035
-0.075
-0.135
-0.140
-0.115
-0.060
-0.020
0.015
-0.010
-0.055
-0.130
-0.235
-0.170
-0.135
-0.085
0.005
0.025
-0.010
-0.050
-0.070
-0.130
-0.160
-0.195
-0.195
-0.145
-0.075
-0.065
-0.030
-0.045
-0.045
-0.090
-0.185
-0.245
-0.150
-0.115
-0.055
-0.005
-0.015
-0.060
-0.080
-0.150
-0.180
-0.210
-0.195
-0.160
-0.115
-0.100
-0.130
-0.115
-0.055
-0.025
-0.005
0.010
0.110
0.135
0.210
0.270
0.385
0.560
0.630
0.580
0.530
0.485
0.475
0.400
0.365
0.275
0.145
-0.015
-0.130
-0.280
-0.360
-0.280
-0.205
-0.215
-0.125
-0.050
-0.005
0.000
-0.060
-0.110
-0.145
-0.180
-0.145
-0.090
-0.040
-0.035
-0.025
-0.065
-0.035
-0.120
-0.165
-0.145
-0.145
-0.065
0.000
-0.035
-0.040
-0.025
-0.055
-0.140
-0.200
-0.215
-0.095
-0.050
-0.015
-0.005
-0.010
-0.045
-0.065
-0.130
-0.130
-0.115
-0.080
-0.050
0.010
0.010
0.030
0.000
-0.030
-0.095
-0.120
-0.110
-0.125
-0.075
0.005
0.020
0.030
0.035
-0.045
-0.080
-0.085
-0.125
-0.100
-0.030
0.000
0.045
0.075
0.020
0.000
-0.030
-0.065
-0.055
-0.010
0.010
0.070
0.135
0.110
0.085
0.025
0.020
-0.010
-0.015
0.010
0.080
0.155
0.210
0.170
0.155
0.145
0.120
0.085
0.060
0.095
0.155
0.235
0.225
0.250
0.180
0.110
0.070
0.115
0.160
0.180
0.205
0.200
0.265
0.255
0.170
0.140
0.105
0.075
0.085
0.080
0.165
0.205
0.185
0.180
0.150
0.070
0.025
0.015
0.035
0.025
0.035
0.075
0.055
0.090
0.030
-0.080
-0.110
-0.115
-0.080
-0.075
-0.015
-0.060
-0.025
-0.010
-0.090
-0.115
-0.155
-0.145
-0.140
-0.095
-0.050
0.005
0.000
-0.045
-0.140
-0.150
-0.195
-0.185
-0.160
-0.120
-0.055
-0.035
-0.020
-0.035
-0.075
-0.170
-0.225
-0.210
-0.155
-0.120
-0.070
-0.045
-0.055
-0.045
-0.090
-0.185
-0.170
-0.180
-0.150
-0.100
-0.105
-0.055
0.000
-0.015
-0.080
-0.150
-0.180
-0.160
-0.155
-0.125
-0.055
-0.010
-0.040
-0.070
-0.120
-0.145
-0.190
-0.165
-0.155
-0.090
-0.060
-0.050
-0.050
-0.040
-0.095
-0.110
-0.150
-0.165
-0.170
-0.085
-0.065
-0.005
-0.015
-0.095
-0.110
-0.155
-0.170
-0.185
-0.140
-0.085
-0.045
-0.040
-0.040
-0.075
-0.095
-0.135
-0.160
-0.190
-0.145
-0.115
-0.040
-0.005
-0.045
-0.100
-0.150
-0.175
-0.140
-0.165
-0.135
-0.120
-0.045
-0.025
-0.035
-0.090
-0.135
-0.160
-0.195
-0.150
-0.145
-0.105
-0.065
-0.045
-0.065
-0.100
-0.115
-0.170
-0.205
-0.195
-0.165
-0.110
-0.065
-0.015
-0.015
-0.170
-0.185
-0.160
-0.170
-0.140
-0.130
-0.090
-0.060
-0.045
-0.115
-0.130
-0.140
-0.155
-0.160
-0.160
-0.110
-0.080
-0.055
-0.010
-0.040
-0.130
-0.160
-0.235
-0.220
-0.200
-0.190
-0.100
-0.030
-0.065
-0.090
-0.110
-0.160
-0.185
-0.195
-0.180
-0.100
-0.055
-0.065
-0.035
-0.070
-0.130
-0.220
-0.225
-0.200
-0.145
-0.110
-0.080
-0.065
-0.080
-0.095
-0.120
-0.155
-0.200
-0.190
-0.160
-0.155
-0.050
-0.030
-0.025
-0.095
-0.100
-0.175
-0.210
-0.205
-0.170
-0.115
-0.090
-0.075
-0.055
-0.080
-0.145
-0.200
-0.200
-0.165
-0.150
-0.145
-0.090
-0.040
-0.025
-0.120
-0.140
-0.160
-0.170
-0.155
-0.180
-0.130
-0.095
-0.075
-0.085
-0.065
-0.065
-0.170
-0.180
-0.205
-0.145
-0.065
-0.020
-0.015
-0.025
-0.095
-0.115
-0.145
-0.165
-0.170
-0.135
-0.075
0.000
-0.010
-0.005
-0.040
-0.090
-0.110
-0.115
-0.100
-0.065
-0.030
-0.060
-0.010
0.005
-0.040
-0.090
-0.120
-0.140
-0.180
-0.185
-0.100
-0.015
-0.045
-0.050
-0.080
-0.155
-0.195
-0.190
-0.180
-0.150
-0.095
-0.070
-0.055
-0.070
-0.125
-0.160
-0.165
-0.195
-0.175
-0.165
-0.105
-0.035
-0.080
-0.090
-0.115
-0.170
-0.245
-0.240
-0.195
-0.160
-0.115
-0.095
-0.070
-0.050
-0.100
-0.215
-0.240
-0.240
-0.185
-0.155
-0.125
-0.090
-0.080
-0.120
-0.165
-0.210
-0.215
-0.185
-0.130
-0.025
0.100
0.130
0.200
0.270
0.330
0.395
0.430
0.465
0.475
0.490
0.480
0.385
0.295
0.200
0.040
-0.150
-0.305
-0.345
-0.270
-0.220
-0.165
-0.140
-0.115
-0.085
-0.080
-0.185
-0.245
-0.240
-0.140
-0.090
-0.055
-0.045
-0.065
-0.100
-0.105
-0.195
-0.230
-0.160
-0.145
-0.105
-0.075
-0.090
-0.050
-0.065
-0.110
-0.185
-0.195
-0.165
-0.120
-0.065
-0.055
-0.035
-0.020
-0.040
-0.080
-0.125
-0.155
-0.195
-0.215
-0.105
0.005
0.050
-0.020
-0.025
-0.145
-0.160
-0.155
-0.160
-0.080
-0.035
0.025
0.025
-0.055
-0.020
-0.075
-0.120
-0.165
-0.150
-0.050
0.025
0.050
0.030
-0.010
-0.020
0.010
-0.045
-0.055
-0.085
-0.050
0.045
0.080
0.100
0.075
-0.025
0.025
-0.025
-0.065
-0.015
0.000
0.070
0.125
0.120
0.130
0.095
0.095
0.030
-0.005
0.020
0.040
0.145
0.230
0.225
0.175
0.180
0.150
0.080
0.070
0.140
0.150
0.220
0.240
0.255
0.250
0.190
0.090
0.110
0.130
0.160
0.105
0.145
0.200
0.200
0.170
0.125
0.035
0.030
0.005
0.015
0.060
0.090
0.115
0.130
0.060
0.000
-0.080
-0.085
-0.120
-0.120
-0.065
-0.010
0.000
0.005
0.000
-0.095
-0.110
-0.135
-0.155
-0.145
-0.115
-0.065
-0.040
-0.020
-0.060
-0.085
-0.170
-0.200
-0.165
-0.115
-0.100
-0.100
-0.045
-0.035
-0.050
-0.055
-0.165
-0.225
-0.195
-0.135
-0.110
-0.050
-0.030
-0.065
-0.045
-0.105
-0.130
-0.170
-0.215
-0.170
-0.115
-0.055
-0.090
-0.085
-0.095
-0.130
-0.165
-0.200
-0.145
-0.130
-0.090
-0.060
-0.010
-0.095
-0.100
-0.135
-0.175
-0.190
-0.170
-0.175
-0.080
-0.005
0.015
-0.025
-0.115
-0.150
-0.145
-0.170
-0.115
-0.095
-0.055
-0.055
-0.005
-0.025
-0.075
-0.135
-0.160
-0.150
-0.160
-0.120
-0.055
-0.045
-0.030
-0.030
-0.045
-0.120
-0.160
-0.170
-0.155
-0.100
-0.015
-0.105
-0.055
-0.045
-0.125
-0.120
-0.185
-0.185
-0.135
-0.115
-0.050
-0.040
-0.040
0.000
-0.065
-0.175
-0.180
-0.185
-0.160
-0.145
-0.075
0.005
-0.030
-0.055
-0.105
-0.175
-0.180
-0.160
-0.130
-0.100
-0.070
-0.025
-0.025
-0.065
-0.070
-0.180
-0.210
-0.240
-0.205
-0.120
-0.040
-0.030
-0.020
-0.065
-0.090
-0.165
-0.185
-0.250
-0.195
-0.105
-0.065
-0.035
-0.015
-0.055
-0.110
-0.210
-0.180
-0.180
-0.145
-0.105
-0.070
-0.055
-0.030
-0.060
-0.110
-0.195
-0.170
-0.145
-0.115
-0.090
-0.085
-0.055
-0.075
-0.105
-0.120
-0.160
-0.165
-0.155
-0.125
-0.165
-0.060
-0.025
-0.050
-0.080
-0.120
-0.135
-0.170
-0.165
-0.145
-0.120
-0.040
-0.025
-0.050
-0.095
-0.140
-0.170
-0.205
-0.200
-0.135
-0.065
-0.020
-0.005
-0.040
-0.070
-0.145
-0.190
-0.175
-0.165
-0.085
0.010
-0.060
-0.100
-0.065
-0.070
-0.145
-0.200
-0.225
-0.190
-0.130
-0.105
-0.040
-0.035
-0.045
-0.070
-0.135
-0.190
-0.170
-0.135
-0.135
-0.065
-0.025
-0.025
0.005
-0.070
-0.105
-0.165
-0.180
-0.155
-0.110
-0.050
-0.015
0.035
0.030
-0.010
-0.075
-0.095
-0.135
-0.125
-0.040
0.010
0.045
0.060
-0.010
-0.105
-0.100
-0.130
-0.145
-0.105
-0.100
-0.040
-0.035
-0.030
-0.075
-0.085
-0.130
-0.155
-0.190
-0.160
-0.150
-0.065
-0.055
-0.015
-0.010
-0.105
-0.185
-0.215
-0.205
-0.155
-0.105
-0.065
-0.035
-0.055
-0.095
-0.115
-0.190
-0.185
-0.190
-0.150
-0.105
-0.070
-0.090
-0.070
-0.065
-0.110
-0.170
-0.185
-0.255
-0.185
-0.120
-0.065
-0.055
-0.110
-0.150
-0.175
-0.205
-0.200
-0.140
0.000
0.105
0.150
0.180
0.240
0.260
0.320
0.425
0.505
0.520
0.520
0.510
0.540
0.460
0.360
0.275
0.090
-0.080
-0.180
-0.285
-0.290
-0.175
-0.105
-0.060
-0.055
-0.065
-0.135
-0.190
-0.155
-0.140
-0.125
-0.055
-0.030
-0.005
-0.010
-0.050
-0.105
-0.095
-0.140
-0.100
-0.075
-0.075
-0.075
-0.035
-0.040
-0.095
-0.095
-0.110
-0.145
-0.130
-0.075
-0.035
-0.010
0.035
0.015
-0.005
-0.035
-0.080
-0.160
-0.135
-0.080
-0.040
-0.015
0.010
-0.015
-0.005
-0.045
-0.105
-0.160
-0.105
-0.040
0.020
0.050
0.040
0.010
-0.025
-0.055
-0.095
-0.075
-0.100
-0.135
-0.010
0.080
0.100
0.035
0.005
-0.025
-0.095
-0.105
-0.050
0.015
0.100
0.130
0.150
0.080
0.060
0.005
-0.015
0.020
0.020
0.060
0.110
0.190
0.210
0.140
0.120
0.080
0.060
0.085
0.110
0.135
0.190
0.230
0.230
0.210
0.210
0.150
0.125
0.145
0.160
0.155
0.250
0.255
0.275
0.240
0.175
0.150
0.125
0.110
0.125
0.205
0.265
0.295
0.200
0.130
0.135
0.080
0.065
0.020
0.045
0.110
0.155
0.140
0.075
0.035
-0.010
-0.055
-0.105
-0.075
-0.080
-0.060
0.040
0.095
0.055
-0.005
-0.085
-0.110
-0.165
-0.170
-0.145
-0.075
0.000
-0.025
-0.065
-0.080
-0.150
-0.165
-0.110
-0.170
-0.160
-0.105
-0.070
-0.055
-0.055
-0.075
-0.110
-0.135
-0.195
-0.225
-0.170
-0.075
0.005
0.045
-0.060
-0.110
-0.105
-0.130
-0.180
-0.165
-0.170
-0.065
-0.025
-0.050
-0.070
-0.065
-0.100
-0.150
-0.255
-0.205
-0.095
-0.040
-0.020
0.010
-0.110
-0.140
-0.140
-0.190
-0.190
-0.180
-0.120
-0.045
-0.010
-0.025
-0.075
-0.090
-0.135
-0.205
-0.210
-0.140
-0.100
-0.035
-0.015
-0.020
-0.080
-0.100
-0.165
-0.195
-0.175
-0.170
-0.120
-0.065
-0.040
-0.025
-0.050
-0.095
-0.160
-0.175
-0.190
-0.175
-0.125
-0.060
-0.035
-0.025
-0.020
-0.095
-0.170
-0.150
-0.170
-0.190
-0.110
-0.055
0.020
-0.010
-0.050
-0.110
-0.185
-0.145
-0.210
-0.190
-0.150
-0.085
-0.055
-0.050
-0.065
-0.140
-0.175
-0.200
-0.205
-0.150
-0.095
-0.080
-0.035
-0.030
-0.080
-0.140
-0.165
-0.145
-0.155
-0.140
-0.100
-0.065
-0.050
-0.045
-0.045
-0.080
-0.160
-0.160
-0.180
-0.190
-0.150
-0.090
-0.070
-0.080
-0.100
-0.140
-0.190
-0.165
-0.150
-0.170
-0.085
-0.045
0.000
-0.020
-0.080
-0.135
-0.195
-0.180
-0.160
-0.160
-0.070
-0.030
-0.030
-0.025
-0.045
-0.100
-0.135
-0.135
-0.185
-0.195
-0.105
-0.075
-0.040
-0.040
-0.105
-0.140
-0.155
-0.180
-0.185
-0.145
-0.070
-0.030
-0.020
-0.050
-0.105
-0.145
-0.160
-0.170
-0.165
-0.140
-0.065
-0.070
-0.045
-0.035
-0.095
-0.135
-0.155
-0.160
-0.155
-0.130
-0.090
-0.045
-0.055
-0.020
-0.040
-0.090
-0.115
-0.160
-0.145
-0.140
-0.085
-0.025
0.005
0.050
-0.045
-0.085
-0.100
-0.105
-0.090
-0.070
-0.005
-0.010
-0.015
-0.030
-0.005
-0.115
-0.155
-0.155
-0.115
-0.030
0.010
-0.005
0.050
0.010
-0.050
-0.215
-0.210
-0.220
-0.155
-0.075
-0.075
-0.090
-0.040
-0.010
-0.125
-0.175
-0.160
-0.165
-0.165
-0.085
-0.030
-0.065
-0.035
-0.050
-0.090
-0.185
-0.185
-0.175
-0.145
-0.090
-0.045
-0.035
-0.070
-0.085
-0.095
-0.155
-0.195
-0.190
-0.155
-0.130
-0.075
-0.045
-0.050
-0.100
-0.145
-0.205
-0.220
-0.235
-0.190
-0.145
-0.060
0.050
0.055
0.080
0.125
0.130
0.175
0.240
0.380
0.505
0.610
0.665
0.645
0.550
0.390
0.250
0.100
0.010
-0.070
-0.130
-0.140
-0.170
-0.165
-0.180
-0.230
-0.195
-0.220
-0.185
-0.115
-0.050
-0.025
-0.030
-0.010
-0.045
-0.100
-0.160
-0.165
-0.100
-0.090
-0.030
-0.055
-0.065
-0.080
-0.070
-0.115
-0.130
-0.110
-0.080
-0.045
0.020
0.010
-0.040
-0.055
-0.065
-0.080
-0.125
-0.155
-0.110
-0.085
-0.005
-0.010
-0.030
-0.010
-0.075
-0.130
-0.120
-0.120
-0.125
-0.100
0.010
0.070
0.055
0.035
-0.010
-0.035
-0.090
-0.105
-0.105
-0.065
0.030
0.070
0.075
0.030
-0.025
-0.075
-0.075
-0.075
-0.010
0.030
0.070
0.090
0.100
0.090
0.065
-0.020
-0.055
-0.010
0.030
0.060
0.145
0.130
0.090
0.020
0.055
0.030
0.055
0.055
0.070
0.065
0.145
0.200
0.210
0.175
0.120
0.075
0.095
0.105
0.140
0.185
0.265
0.280
0.270
0.235
0.180
0.090
0.135
0.130
0.165
0.225
0.240
0.245
0.245
0.225
0.155
0.065
0.070
0.070
0.110
0.125
0.155
0.190
0.155
0.125
-0.015
-0.065
-0.015
-0.035
-0.050
-0.045
0.025
0.030
0.010
0.005
-0.095
-0.115
-0.135
-0.120
-0.100
-0.050
-0.020
0.030
-0.065
-0.090
-0.130
-0.110
-0.105
-0.130
-0.120
-0.020
-0.070
-0.030
0.015
0.000
-0.105
-0.205
-0.215
-0.145
-0.100
-0.060
-0.075
-0.060
-0.055
-0.050
-0.110
-0.180
-0.115
-0.120
-0.070
-0.010
-0.015
-0.045
-0.095
-0.110
-0.150
-0.180
-0.190
-0.170
-0.110
-0.020
0.005
-0.040
-0.115
-0.090
-0.095
-0.110
-0.165
-0.155
-0.115
-0.010
0.005
-0.030
-0.080
-0.110
-0.175
-0.155
-0.130
-0.130
-0.140
-0.090
-0.025
0.005
-0.045
-0.040
-0.100
-0.150
-0.150
-0.130
-0.080
-0.020
-0.005
-0.035
-0.055
-0.090
-0.170
-0.155
-0.125
-0.140
-0.110
-0.020
-0.060
0.020
-0.055
-0.105
-0.160
-0.120
-0.150
-0.090
-0.110
-0.050
-0.040
-0.030
-0.040
-0.090
-0.170
-0.205
-0.175
-0.220
-0.100
-0.045
-0.025
-0.035
-0.035
-0.100
-0.170
-0.180
-0.205
-0.135
-0.090
-0.055
-0.050
-0.045
-0.120
-0.135
-0.125
-0.140
-0.140
-0.165
-0.115
-0.065
-0.045
-0.055
-0.080
-0.090
-0.195
-0.160
-0.150
-0.115
-0.110
0.000
-0.020
-0.120
-0.080
-0.150
-0.225
-0.220
-0.145
-0.130
-0.090
-0.060
-0.060
-0.055
-0.100
-0.130
-0.155
-0.185
-0.185
-0.130
-0.070
-0.090
-0.040
-0.035
-0.075
-0.165
-0.195
-0.190
-0.125
-0.120
-0.120
-0.050
-0.050
-0.095
-0.080
-0.175
-0.165
-0.180
-0.175
-0.145
-0.070
-0.050
-0.070
-0.070
-0.100
-0.190
-0.180
-0.175
-0.160
-0.145
-0.050
-0.065
-0.060
-0.040
-0.070
-0.135
-0.140
-0.165
-0.170
-0.130
-0.035
-0.030
0.030
-0.010
-0.095
-0.205
-0.175
-0.205
-0.140
-0.090
-0.025
0.010
-0.030
-0.100
-0.140
-0.100
-0.110
-0.145
-0.160
-0.110
-0.040
0.010
0.025
-0.025
-0.105
-0.150
-0.180
-0.200
-0.175
-0.155
-0.085
-0.055
-0.025
-0.090
-0.140
-0.190
-0.210
-0.215
-0.180
-0.145
-0.085
-0.070
-0.065
-0.085
-0.140
-0.165
-0.190
-0.220
-0.180
-0.130
-0.090
-0.055
-0.060
-0.130
-0.165
-0.175
-0.205
-0.225
-0.195
-0.135
-0.105
-0.050
-0.075
-0.115
-0.185
-0.235
-0.255
-0.250
-0.185
-0.165
-0.165
-0.125
-0.070
-0.030
-0.025
0.005
0.055
0.115
0.215
0.375
0.515
0.630
0.605
0.560
0.475
0.395
0.275
0.205
0.130
0.105
0.010
-0.080
-0.155
-0.235
-0.275
-0.295
-0.250
-0.185
-0.145
-0.060
0.000
0.015
-0.025
-0.080
-0.180
-0.215
-0.210
-0.185
-0.155
-0.040
-0.045
-0.050
-0.085
-0.085
-0.130
-0.160
-0.165
-0.185
-0.125
-0.070
-0.045
-0.050
-0.040
-0.055
-0.090
-0.180
-0.140
-0.125
-0.150
-0.070
-0.050
0.005
-0.045
-0.100
-0.115
-0.150
-0.170
-0.155
-0.100
-0.015
0.030
0.015
-0.030
-0.050
-0.140
-0.160
-0.130
-0.120
-0.090
-0.005
0.015
0.045
-0.025
-0.035
-0.100
-0.120
-0.120
-0.080
-0.025
0.030
0.050
-0.050
-0.020
0.000
0.005
-0.050
-0.065
-0.040
0.005
0.095
0.100
0.115
0.035
-0.005
-0.050
-0.075
0.050
0.095
0.040
0.125
0.190
0.190
0.140
0.120
0.060
0.085
0.070
0.120
0.175
0.190
0.215
0.170
0.170
0.165
0.085
0.065
0.090
0.135
0.245
0.270
0.295
0.235
0.175
0.130
0.075
0.045
-0.015
0.025
0.115
0.130
0.155
0.085
0.045
0.020
-0.035
-0.075
-0.070
-0.050
-0.005
0.015
0.055
-0.010
-0.035
-0.080
-0.140
-0.155
-0.135
-0.190
-0.090
-0.045
-0.010
-0.065
-0.095
-0.110
-0.175
-0.185
-0.170
-0.175
-0.120
-0.055
-0.085
-0.100
-0.085
-0.150
-0.250
-0.270
-0.210
-0.160
-0.080
-0.075
-0.050
-0.065
-0.130
-0.205
-0.225
-0.215
-0.175
-0.135
-0.075
-0.090
-0.050
-0.105
-0.130
-0.185
-0.245
-0.260
-0.160
-0.050
-0.060
-0.040
-0.065
-0.055
-0.080
-0.120
-0.140
-0.215
-0.235
-0.175
-0.095
-0.045
-0.040
-0.060
-0.095
-0.155
-0.215
-0.155
-0.125
-0.125
-0.070
-0.050
-0.070
-0.075
-0.095
-0.170
-0.170
-0.190
-0.150
-0.085
-0.005
0.025
-0.045
-0.065
-0.115
-0.195
-0.225
-0.170
-0.125
-0.090
-0.045
-0.025
-0.070
-0.085
-0.100
-0.185
-0.190
-0.185
-0.150
-0.115
-0.035
-0.040
-0.045
-0.095
-0.120
-0.120
-0.160
-0.180
-0.155
-0.120
-0.125
-0.110
-0.100
-0.075
-0.155
-0.150
-0.185
-0.215
-0.185
-0.090
-0.080
-0.065
-0.060
-0.085
-0.160
-0.165
-0.190
-0.155
-0.145
-0.070
-0.035
-0.055
-0.040
-0.105
-0.155
-0.240
-0.265
-0.230
-0.200
-0.135
-0.095
-0.045
-0.025
-0.105
-0.180
-0.260
-0.270
-0.225
-0.175
-0.065
-0.040
-0.060
-0.060
-0.065
-0.130
-0.165
-0.180
-0.240
-0.275
-0.075
-0.015
-0.025
-0.085
-0.120
-0.180
-0.185
-0.200
-0.190
-0.165
-0.095
-0.070
-0.080
-0.095
-0.075
-0.060
-0.190
-0.190
-0.190
-0.140
-0.120
-0.090
-0.065
-0.130
-0.125
-0.155
-0.185
-0.180
-0.170
-0.125
-0.040
-0.015
-0.035
-0.065
-0.100
-0.195
-0.185
-0.185
-0.150
-0.115
-0.090
-0.015
-0.015
-0.035
-0.045
-0.140
-0.170
-0.140
-0.085
-0.045
-0.010
-0.020
0.020
0.005
-0.080
-0.150
-0.155
-0.170
-0.155
-0.155
-0.075
-0.045
-0.065
-0.075
-0.045
-0.190
-0.225
-0.280
-0.270
-0.165
-0.055
-0.055
-0.045
-0.090
-0.135
-0.185
-0.160
-0.220
-0.150
-0.115
-0.120
-0.080
-0.065
-0.070
-0.130
-0.210
-0.240
-0.260
-0.210
-0.115
-0.110
-0.060
-0.015
-0.075
-0.130
-0.190
-0.270
-0.295
-0.210
-0.140
-0.115
-0.150
-0.150
-0.125
-0.195
-0.210
-0.160
-0.060
0.025
0.135
0.295
0.350
0.430
0.500
0.560
0.540
0.555
0.520
0.455
0.430
0.360
0.345
0.160
-0.010
-0.150
-0.260
-0.330
-0.270
-0.225
-0.150
-0.100
-0.065
-0.055
-0.095
-0.105
-0.120
-0.215
-0.155
-0.145
-0.085
-0.020
-0.015
-0.030
-0.030
-0.100
-0.150
-0.160
-0.165
-0.115
-0.070
-0.035
-0.030
-0.035
-0.085
-0.125
-0.130
-0.210
-0.165
-0.080
-0.005
-0.010
-0.010
0.000
-0.070
-0.115
-0.120
-0.100
-0.105
-0.095
-0.010
-0.010
0.025
-0.030
0.000
-0.050
-0.115
-0.125
-0.075
-0.035
0.015
0.015
0.060
0.015
-0.025
-0.050
-0.055
-0.050
-0.070
-0.115
0.010
0.060
0.055
0.025
0.030
-0.080
-0.085
-0.030
0.025
0.060
0.110
0.120
0.120
0.090
0.060
-0.010
-0.005
-0.010
0.030
0.145
0.215
0.175
0.180
0.125
0.145
0.085
0.040
0.125
0.115
0.160
0.220
0.270
0.240
0.250
0.195
0.145
0.140
0.160
0.160
0.200
0.245
0.225
0.300
0.265
0.235
0.105
0.040
0.070
0.145
0.175
0.225
0.240
0.190
0.170
0.070
0.085
0.055
0.005
-0.010
0.075
0.085
0.090
0.085
0.045
0.020
0.000
-0.120
-0.185
-0.130
0.020
0.030
0.065
0.065
0.000
-0.030
-0.090
-0.160
-0.150
-0.105
-0.065
-0.020
0.045
0.005
-0.080
-0.185
-0.220
-0.165
-0.115
-0.070
-0.010
-0.005
0.020
-0.025
-0.065
-0.095
-0.145
-0.120
-0.100
-0.100
-0.050
-0.070
-0.005
-0.010
-0.030
-0.050
-0.065
-0.145
-0.170
-0.115
-0.020
-0.020
0.005
-0.010
-0.050
-0.115
-0.110
-0.130
-0.170
-0.070
-0.035
-0.005
0.030
0.030
0.005
-0.105
-0.135
-0.125
-0.100
-0.085
0.035
0.070
0.070
0.015
-0.105
-0.105
-0.140
-0.150
-0.095
-0.055
-0.020
-0.005
0.045
0.035
-0.005
-0.130
-0.105
-0.135
-0.150
-0.055
0.050
0.040
0.025
-0.065
-0.080
-0.135
-0.095
-0.110
-0.095
-0.030
0.040
0.030
0.035
-0.030
-0.060
-0.090
-0.110
-0.115
-0.090
-0.025
-0.020
0.020
0.035
-0.035
-0.040
-0.090
-0.120
-0.115
-0.055
-0.055
-0.030
0.015
0.035
0.015
-0.005
-0.095
-0.135
-0.105
-0.080
-0.055
-0.015
-0.015
0.000
-0.030
-0.020
-0.080
-0.070
-0.030
-0.030
-0.055
-0.020
-0.005
0.030
-0.025
-0.095
-0.175
-0.160
-0.125
-0.060
-0.030
-0.035
-0.010
0.050
-0.020
-0.085
-0.140
-0.130
-0.105
-0.100
-0.030
-0.015
0.070
-0.045
-0.090
-0.085
-0.110
-0.110
-0.120
-0.090
0.025
0.025
0.030
0.035
-0.040
-0.065
-0.100
-0.085
-0.105
-0.105
-0.040
-0.020
0.025
0.005
0.015
-0.055
-0.035
-0.040
-0.040
0.005
0.020
0.055
0.060
0.075
0.035
-0.075
-0.085
-0.140
-0.100
-0.025
0.030
0.115
0.085
0.045
0.035
-0.020
-0.055
-0.040
-0.060
-0.035
0.035
0.120
0.100
0.060
0.020
-0.035
-0.065
-0.105
-0.040
-0.005
0.005
0.005
0.065
0.005
-0.085
-0.140
-0.130
-0.085
-0.090
-0.090
0.005
0.050
0.020
-0.015
-0.100
-0.095
-0.120
-0.110
-0.105
-0.055
-0.035
-0.060
-0.010
0.030
-0.025
-0.095
-0.130
-0.160
-0.110
-0.035
0.000
-0.035
0.005
-0.015
-0.040
-0.045
-0.090
-0.185
-0.175
-0.115
-0.005
0.015
-0.010
-0.065
-0.130
-0.065
-0.055
0.000
0.055
0.165
0.305
0.410
0.550
0.635
0.670
0.660
0.600
0.620
0.570
0.585
0.515
0.435
0.305
0.130
-0.020
-0.185
-0.250
-0.235
-0.160
-0.070
0.005
0.015
0.040
-0.015
-0.040
-0.085
-0.050
-0.075
-0.105
-0.040
0.085
0.080
0.035
-0.045
-0.110
-0.085
-0.110
-0.090
-0.085
0.005
0.020
0.080
0.030
0.000
-0.020
-0.095
-0.105
-0.095
-0.045
0.020
0.030
0.040
0.080
0.065
-0.015
-0.055
-0.050
-0.025
-0.010
0.030
0.070
0.095
0.100
0.030
-0.045
-0.070
-0.120
-0.070
-0.080
0.050
0.080
0.130
0.115
0.070
-0.015
-0.055
-0.050
0.010
0.015
0.075
0.135
0.120
0.100
0.110
-0.005
-0.025
0.030
0.035
0.110
0.155
0.195
0.195
0.160
0.120
0.070
0.040
0.015
0.055
0.130
0.185
0.260
0.210
0.195
0.175
0.160
0.145
0.155
0.175
0.265
0.255
0.265
0.335
0.310
0.240
0.155
0.160
0.190
0.215
0.245
0.330
0.375
0.365
0.360
0.280
0.205
0.150
0.155
0.200
0.215
0.235
0.220
0.230
0.205
0.175
0.120
0.065
0.090
0.120
0.120
0.125
0.115
0.110
0.130
0.055
-0.060
-0.065
-0.065
-0.030
0.035
0.045
0.040
0.035
0.025
-0.055
-0.100
-0.115
-0.125
-0.080
-0.060
0.030
0.050
0.020
-0.005
-0.090
-0.070
-0.110
-0.105
-0.130
-0.040
-0.035
-0.010
0.005
-0.055
-0.055
-0.110
-0.190
-0.130
-0.105
0.005
-0.030
-0.020
-0.040
-0.060
-0.080
-0.130
-0.135
-0.080
-0.070
-0.035
-0.020
-0.030
-0.035
-0.075
-0.050
-0.080
-0.095
-0.095
-0.120
-0.090
0.015
0.040
0.045
0.000
-0.090
-0.125
-0.105
-0.140
-0.075
-0.015
0.020
0.040
-0.020
-0.070
-0.095
-0.115
-0.085
-0.090
-0.080
-0.090
-0.015
-0.005
0.055
0.005
-0.070
-0.130
-0.115
-0.075
-0.050
0.000
0.020
0.020
0.005
-0.030
-0.105
-0.170
-0.150
-0.120
-0.030
0.030
0.005
0.015
0.000
-0.060
-0.130
-0.120
-0.135
-0.105
-0.010
0.015
0.055
-0.005
-0.035
-0.070
-0.180
-0.095
-0.120
-0.095
-0.060
-0.030
0.000
0.005
-0.010
-0.080
-0.130
-0.110
-0.110
-0.085
-0.050
-0.075
0.025
0.015
-0.030
-0.095
-0.135
-0.160
-0.150
-0.105
-0.045
-0.015
-0.025
0.010
-0.035
-0.050
-0.135
-0.150
-0.125
-0.070
-0.015
-0.035
-0.005
0.050
-0.030
-0.060
-0.150
-0.190
-0.125
-0.085
-0.035
-0.020
0.005
0.000
-0.030
-0.110
-0.130
-0.120
-0.130
-0.110
-0.050
-0.020
-0.010
0.000
-0.065
-0.095
-0.140
-0.130
-0.115
-0.085
-0.030
0.005
0.025
0.010
0.015
-0.055
-0.070
-0.095
-0.080
-0.100
-0.015
0.030
0.055
0.065
0.050
-0.070
-0.070
-0.090
-0.065
-0.020
-0.005
0.035
0.065
0.025
0.000
-0.040
-0.045
-0.085
-0.080
-0.055
-0.020
0.050
0.025
-0.020
-0.110
-0.150
-0.160
-0.135
-0.120
-0.045
0.000
0.025
0.035
0.005
-0.065
-0.115
-0.145
-0.155
-0.140
-0.155
-0.100
-0.065
0.010
-0.015
-0.080
-0.110
-0.130
-0.130
-0.115
-0.110
-0.060
-0.070
-0.075
-0.050
-0.090
-0.135
-0.150
-0.180
-0.160
-0.135
-0.025
-0.040
-0.050
-0.115
-0.125
-0.175
-0.200
-0.175
-0.145
-0.065
0.060
0.160
0.255
0.285
0.330
0.390
0.465
0.610
0.705
0.730
0.780
0.735
0.670
0.540
0.340
0.135
-0.025
-0.160
-0.210
-0.175
-0.105
-0.090
-0.045
-0.140
-0.125
-0.125
-0.165
-0.145
-0.115
-0.035
0.000
0.030
0.025
-0.050
-0.135
-0.135
-0.150
-0.130
-0.075
-0.045
-0.025
-0.015
-0.030
-0.045
-0.085
-0.095
-0.115
-0.080
-0.065
-0.050
-0.035
0.050
0.020
-0.075
-0.135
-0.080
-0.085
-0.105
-0.080
-0.095
0.025
0.060
0.030
-0.010
-0.070
-0.090
-0.100
-0.070
-0.035
0.070
0.065
0.070
0.065
0.040
-0.080
-0.110
-0.125
-0.085
-0.045
0.075
0.085
0.130
0.060
0.000
0.000
-0.005
-0.075
0.000
0.040
0.145
0.100
0.120
0.090
0.045
0.010
-0.030
-0.020
0.010
0.080
0.145
0.190
0.185
0.175
0.135
0.085
0.065
0.075
0.105
0.165
0.255
0.270
0.275
0.220
0.205
0.170
0.130
0.155
0.200
0.195
0.310
0.355
0.320
0.265
0.265
0.230
0.165
0.155
0.180
0.205
0.290
0.345
0.215
0.175
0.140
0.125
0.085
0.005
0.040
0.100
0.110
0.170
0.200
0.130
0.115
-0.050
-0.110
-0.075
-0.055
-0.010
0.105
0.090
0.045
-0.010
-0.030
-0.135
-0.145
-0.140
-0.080
-0.005
0.045
0.035
0.015
-0.055
-0.065
-0.135
-0.165
-0.135
-0.095
-0.045
-0.020
0.015
-0.015
-0.055
-0.135
-0.155
-0.140
-0.155
-0.140
-0.090
-0.050
-0.040
-0.030
-0.025
-0.090
-0.165
-0.105
-0.105
-0.110
-0.070
-0.030
-0.055
0.000
-0.010
-0.085
-0.145
-0.140
-0.125
-0.070
-0.010
0.020
0.030
0.020
-0.010
-0.080
-0.140
-0.115
-0.120
-0.130
-0.070
0.010
-0.015
-0.005
-0.040
-0.085
-0.100
-0.110
-0.110
-0.065
-0.020
-0.040
-0.045
-0.045
-0.060
-0.090
-0.110
-0.135
-0.075
-0.020
0.000
0.025
0.000
0.005
-0.015
-0.070
-0.140
-0.130
-0.130
-0.090
-0.030
-0.050
-0.055
0.020
-0.075
-0.120
-0.165
-0.140
-0.110
-0.125
-0.025
0.005
0.015
-0.055
-0.090
-0.125
-0.165
-0.180
-0.135
-0.100
-0.050
0.000
-0.015
-0.085
-0.125
-0.115
-0.105
-0.110
-0.075
-0.045
-0.050
-0.050
-0.035
-0.025
-0.035
-0.090
-0.180
-0.140
-0.135
-0.110
-0.050
-0.035
-0.040
-0.085
-0.140
-0.185
-0.145
-0.115
-0.130
-0.045
0.005
-0.020
-0.015
-0.085
-0.145
-0.175
-0.155
-0.150
-0.105
-0.110
-0.095
-0.035
-0.055
-0.100
-0.110
-0.165
-0.155
-0.145
-0.070
-0.040
-0.025
-0.045
-0.030
-0.055
-0.165
-0.165
-0.190
-0.195
-0.115
-0.045
-0.050
-0.050
-0.010
-0.060
-0.135
-0.145
-0.130
-0.150
-0.130
-0.060
-0.045
-0.035
0.015
0.010
-0.025
-0.060
-0.180
-0.220
-0.200
-0.060
-0.030
-0.015
-0.010
-0.025
-0.050
-0.130
-0.100
-0.080
-0.070
-0.020
0.025
0.045
0.030
-0.025
-0.080
-0.130
-0.090
-0.035
-0.060
0.000
-0.065
-0.075
-0.045
-0.045
-0.105
-0.115
-0.130
-0.125
-0.075
-0.025
-0.075
-0.095
-0.075
-0.115
-0.175
-0.175
-0.195
-0.175
-0.145
-0.050
-0.030
-0.030
-0.075
-0.095
-0.140
-0.175
-0.150
-0.150
-0.175
-0.080
-0.050
-0.035
-0.050
-0.100
-0.145
-0.220
-0.245
-0.170
-0.090
-0.050
-0.090
-0.075
-0.120
-0.160
-0.170
-0.190
-0.200
-0.155
-0.155
-0.110
-0.020
0.045
0.100
0.130
0.140
0.170
0.260
0.435
0.570
0.680
0.735
0.680
0.595
0.405
0.240
0.170
0.075
-0.025
-0.060
-0.115
-0.140
-0.135
-0.165
-0.220
-0.225
-0.210
-0.225
-0.120
-0.055
0.010
0.030
-0.015
-0.065
-0.090
-0.135
-0.150
-0.150
-0.115
-0.040
0.010
-0.055
-0.025
-0.040
-0.115
-0.190
-0.195
-0.115
-0.065
-0.010
0.000
0.030
0.015
-0.025
-0.085
-0.170
-0.145
-0.090
-0.055
0.000
0.020
0.000
-0.025
-0.045
-0.085
-0.105
-0.130
-0.090
-0.065
0.050
0.070
0.005
-0.020
-0.005
-0.070
-0.160
-0.140
-0.060
-0.035
0.025
0.050
0.080
0.020
0.015
-0.015
-0.025
-0.055
-0.035
-0.005
0.015
0.080
0.135
0.090
0.035
-0.025
-0.045
-0.020
0.015
0.030
0.125
0.105
0.150
0.170
0.120
0.025
0.000
0.050
0.085
0.090
0.185
0.235
0.245
0.200
0.195
0.155
0.065
0.095
0.140
0.105
0.210
0.235
0.275
0.255
0.220
0.165
0.185
0.180
0.105
0.115
0.215
0.240
0.245
0.200
0.170
0.080
-0.025
0.055
0.090
0.165
0.205
0.165
0.070
0.050
0.010
-0.035
-0.035
-0.050
-0.045
0.015
0.065
0.060
0.045
-0.040
-0.100
-0.120
-0.110
-0.130
-0.115
-0.040
-0.030
-0.035
-0.045
-0.040
-0.080
-0.100
-0.160
-0.165
-0.120
-0.080
-0.045
-0.030
-0.065
-0.095
-0.145
-0.185
-0.150
-0.170
-0.190
-0.120
-0.030
0.005
-0.040
-0.055
-0.085
-0.150
-0.210
-0.170
-0.115
-0.050
-0.035
-0.060
-0.040
-0.075
-0.125
-0.155
-0.170
-0.175
-0.140
-0.095
-0.055
0.040
-0.015
-0.050
-0.125
-0.145
-0.140
-0.150
-0.130
-0.050
-0.035
-0.010
-0.055
-0.055
-0.105
-0.135
-0.145
-0.095
-0.075
0.020
0.015
-0.050
-0.070
-0.080
-0.115
-0.140
-0.170
-0.130
-0.100
-0.070
-0.005
0.010
-0.015
-0.070
-0.140
-0.145
-0.170
-0.105
-0.055
-0.025
-0.015
-0.010
-0.085
-0.100
-0.105
-0.125
-0.115
-0.110
-0.090
-0.025
-0.045
0.005
-0.005
0.010
-0.140
-0.200
-0.195
-0.100
-0.070
-0.010
-0.040
-0.075
-0.090
-0.105
-0.110
-0.125
-0.155
-0.145
-0.110
-0.025
-0.015
-0.010
-0.040
-0.120
-0.165
-0.170
-0.190
-0.165
-0.085
-0.050
-0.005
0.025
-0.065
-0.110
-0.135
-0.160
-0.145
-0.105
-0.115
-0.040
-0.075
-0.020
-0.060
-0.145
-0.110
-0.130
-0.195
-0.125
-0.085
-0.040
-0.030
-0.015
-0.060
-0.125
-0.115
-0.165
-0.205
-0.170
-0.080
-0.045
-0.030
-0.010
-0.065
-0.125
-0.140
-0.150
-0.125
-0.115
-0.055
-0.030
0.010
-0.015
-0.060
-0.070
-0.150
-0.180
-0.160
-0.120
0.075
0.025
0.010
0.000
-0.010
-0.105
-0.110
-0.060
-0.075
-0.075
0.010
0.030
0.010
0.020
0.000
-0.165
-0.160
-0.115
-0.085
-0.125
-0.045
-0.025
0.000
-0.020
-0.100
-0.155
-0.170
-0.185
-0.215
-0.135
-0.010
-0.035
0.005
-0.040
-0.090
-0.140
-0.180
-0.195
-0.170
-0.140
-0.040
-0.030
-0.020
-0.065
-0.075
-0.120
-0.150
-0.120
-0.130
-0.120
-0.105
-0.030
-0.045
-0.110
-0.155
-0.180
-0.185
-0.220
-0.180
-0.100
-0.065
-0.005
-0.065
-0.115
-0.155
-0.200
-0.255
-0.205
-0.025
0.065
0.120
0.210
0.275
0.300
0.375
0.430
0.500
0.535
0.530
0.550
0.510
0.475
0.380
0.275
0.105
-0.060
-0.175
-0.210
-0.200
-0.140
-0.110
-0.050
-0.020
-0.025
-0.045
-0.140
-0.145
-0.135
-0.150
-0.095
-0.045
0.025
-0.025
-0.040
-0.090
-0.075
-0.080
-0.155
-0.125
-0.045
0.040
0.025
-0.045
-0.045
-0.085
-0.120
-0.135
-0.170
-0.095
-0.005
0.015
0.030
0.005
-0.010
-0.065
-0.080
-0.085
-0.120
-0.075
-0.090
0.030
0.030
0.055
-0.105
-0.165
-0.075
-0.080
-0.105
-0.065
0.010
0.075
0.105
0.100
0.040
-0.085
-0.085
-0.075
-0.060
-0.015
0.010
0.045
0.070
0.065
0.025
-0.110
-0.070
-0.030
0.000
0.040
0.065
0.095
0.075
0.100
0.065
0.015
0.065
-0.040
0.005
0.060
0.145
0.170
0.170
0.170
0.140
0.080
0.080
0.080
0.140
0.170
0.245
0.220
0.230
0.260
0.195
0.165
0.130
0.135
0.155
0.200
0.260
0.230
0.290
0.295
0.260
0.140
0.080
0.105
0.080
0.165
0.260
0.200
0.235
0.200
0.125
0.030
0.020
0.025
0.025
0.095
0.090
0.120
0.120
0.055
-0.005
-0.080
-0.095
-0.065
-0.025
0.015
0.025
0.045
0.080
0.005
-0.030
-0.105
-0.115
-0.160
-0.100
-0.020
0.030
0.005
-0.015
-0.020
-0.120
-0.165
-0.245
-0.215
-0.125
-0.090
-0.015
0.025
0.040
-0.010
-0.090
-0.075
-0.155
-0.240
-0.140
-0.065
-0.010
-0.010
-0.040
-0.030
-0.065
-0.150
-0.190
-0.140
-0.130
-0.095
-0.060
-0.010
0.025
-0.010
-0.095
-0.100
-0.130
-0.130
-0.080
-0.045
-0.035
-0.005
0.000
-0.020
-0.085
-0.150
-0.155
-0.110
-0.125
-0.025
0.015
0.035
0.030
0.030
-0.080
-0.145
-0.110
-0.125
-0.160
-0.095
-0.010
-0.005
-0.025
-0.040
-0.115
-0.155
-0.150
-0.110
-0.120
-0.060
0.025
0.050
-0.030
-0.080
-0.150
-0.160
-0.145
-0.140
-0.080
-0.020
-0.015
-0.005
0.020
-0.010
-0.145
-0.160
-0.175
-0.110
-0.040
-0.030
0.010
0.005
-0.035
-0.060
-0.115
-0.120
-0.175
-0.185
-0.095
-0.040
0.000
-0.030
-0.040
-0.070
-0.115
-0.180
-0.175
-0.120
-0.105
-0.040
-0.035
-0.050
-0.030
-0.060
-0.115
-0.095
-0.120
-0.115
-0.100
-0.045
-0.010
0.010
-0.055
-0.135
-0.175
-0.150
-0.160
-0.090
-0.040
-0.015
0.000
-0.070
-0.065
-0.085
-0.150
-0.160
-0.105
-0.100
-0.075
-0.060
-0.020
-0.020
-0.080
-0.135
-0.155
-0.170
-0.160
-0.115
-0.060
-0.010
-0.005
-0.020
-0.025
-0.050
-0.110
-0.150
-0.120
-0.070
0.015
-0.010
0.005
0.000
-0.075
-0.060
-0.070
-0.120
-0.045
-0.070
0.010
-0.025
0.000
0.045
-0.010
-0.050
-0.070
-0.085
-0.075
-0.050
-0.010
0.055
0.065
0.040
-0.035
-0.125
-0.100
-0.150
-0.165
-0.120
-0.060
-0.025
0.015
0.000
-0.090
-0.110
-0.125
-0.160
-0.155
-0.115
-0.035
-0.040
-0.025
-0.005
-0.085
-0.090
-0.130
-0.100
-0.160
-0.165
-0.050
-0.050
-0.060
-0.060
-0.080
-0.120
-0.125
-0.175
-0.185
-0.110
-0.100
-0.035
-0.010
-0.030
-0.095
-0.130
-0.195
-0.145
-0.155
-0.115
-0.065
-0.035
-0.060
-0.095
-0.155
-0.190
-0.180
-0.105
0.020
0.090
0.260
0.305
0.410
0.455
0.550
0.575
0.645
0.620
0.525
0.530
0.550
0.425
0.340
0.180
0.000
-0.145
-0.225
-0.230
-0.190
-0.170
-0.040
-0.010
-0.005
-0.040
-0.050
-0.100
-0.155
-0.180
-0.105
-0.075
-0.025
0.015
0.020
-0.030
-0.080
-0.070
-0.115
-0.060
-0.050
-0.065
-0.020
0.005
0.015
-0.025
-0.035
-0.035
-0.140
-0.080
-0.100
-0.020
-0.045
0.000
0.025
0.010
-0.040
-0.110
-0.115
-0.100
-0.055
-0.010
0.020
0.045
0.060
0.035
-0.005
-0.075
-0.080
-0.125
-0.070
-0.020
0.050
0.070
0.065
0.005
-0.070
-0.045
-0.080
-0.075
-0.025
0.055
0.085
0.095
0.085
0.070
0.005
0.025
0.050
-0.040
-0.020
0.050
0.070
0.120
0.170
0.095
0.025
0.030
0.035
0.050
0.110
0.160
0.230
0.305
0.215
0.170
0.140
0.150
0.100
0.100
0.140
0.210
0.250
0.250
0.240
0.230
0.170
0.170
0.170
0.250
0.225
0.260
0.290
0.300
0.255
0.205
0.135
0.100
0.170
0.185
0.210
0.220
0.210
0.250
0.210
0.195
0.095
0.065
0.030
0.005
0.005
0.075
0.125
0.075
0.115
0.035
-0.015
-0.065
-0.030
-0.050
-0.010
0.040
0.035
0.010
-0.010
-0.020
-0.065
-0.145
-0.195
-0.125
-0.090
-0.070
0.015
-0.005
-0.045
-0.010
-0.080
-0.080
-0.130
-0.145
-0.115
-0.030
0.015
0.020
-0.065
-0.115
-0.115
-0.210
-0.200
-0.110
-0.075
0.010
0.080
-0.035
-0.050
-0.125
-0.130
-0.145
-0.170
-0.170
-0.100
0.005
0.040
0.000
-0.030
-0.095
-0.070
-0.130
-0.135
-0.120
-0.100
0.010
0.050
-0.010
-0.045
-0.080
-0.105
-0.065
-0.160
-0.115
-0.040
0.025
0.075
0.025
-0.020
-0.085
-0.090
-0.105
-0.160
-0.085
-0.005
0.030
-0.020
-0.020
-0.070
-0.115
-0.090
-0.100
-0.130
-0.145
-0.045
-0.025
-0.020
0.030
-0.005
-0.120
-0.170
-0.170
-0.095
-0.030
0.005
0.015
0.015
0.005
0.000
-0.105
-0.110
-0.145
-0.150
-0.070
-0.045
-0.010
-0.035
-0.030
-0.080
-0.140
-0.120
-0.100
-0.085
-0.120
-0.050
0.015
-0.020
-0.055
-0.080
-0.145
-0.140
-0.155
-0.145
-0.125
-0.035
0.005
0.000
-0.005
-0.030
-0.115
-0.115
-0.180
-0.155
-0.110
-0.060
0.015
0.055
-0.050
-0.050
-0.105
-0.130
-0.180
-0.140
-0.090
-0.060
-0.055
-0.020
-0.035
-0.045
-0.200
-0.190
-0.155
-0.155
-0.100
-0.020
-0.005
0.010
-0.075
-0.055
-0.105
-0.165
-0.150
-0.140
-0.095
-0.030
-0.010
-0.010
-0.085
-0.110
-0.165
-0.145
-0.125
-0.110
-0.085
-0.020
-0.015
-0.015
-0.035
-0.085
-0.175
-0.135
-0.135
-0.095
-0.045
-0.045
-0.030
0.015
0.015
-0.065
-0.105
-0.140
-0.070
-0.035
0.000
0.075
0.075
0.060
-0.005
-0.050
-0.090
-0.080
-0.090
-0.060
0.005
0.060
0.050
0.045
-0.015
-0.085
-0.105
-0.105
-0.185
-0.155
-0.055
-0.005
-0.025
-0.015
-0.020
-0.080
-0.185
-0.145
-0.150
-0.130
-0.080
-0.020
0.015
-0.035
-0.065
-0.135
-0.155
-0.170
-0.120
-0.145
-0.080
-0.065
-0.010
-0.035
-0.110
-0.160
-0.170
-0.145
-0.125
-0.100
-0.115
-0.115
-0.050
-0.070
-0.060
-0.140
-0.180
-0.190
-0.175
-0.185
-0.140
-0.150
-0.080
-0.065
-0.095
-0.130
-0.100
-0.020
0.055
0.165
0.305
0.395
0.505
0.600
0.700
0.745
0.665
0.565
0.540
0.565
0.540
0.445
0.260
0.085
-0.090
-0.225
-0.235
-0.225
-0.190
-0.135
-0.090
-0.035
0.000
-0.010
-0.075
-0.105
-0.120
-0.130
-0.090
-0.065
0.000
0.000
-0.080
-0.035
-0.035
-0.115
-0.160
-0.165
-0.110
-0.105
0.005
0.065
0.035
0.010
-0.070
-0.130
-0.135
-0.085
-0.050
-0.080
-0.100
-0.035
-0.005
0.020
-0.015
-0.090
-0.105
-0.115
-0.080
0.015
0.025
0.070
0.050
-0.025
-0.070
-0.155
-0.150
-0.055
-0.055
-0.005
0.040
0.080
0.015
0.065
-0.065
-0.045
-0.055
-0.025
0.025
0.125
0.160
0.035
0.055
0.055
0.010
-0.075
-0.060
-0.065
-0.135
0.010
0.155
0.210
0.130
-0.020
-0.015
0.090
0.020
0.025
0.100
0.145
0.245
0.225
0.000
0.205
0.200
0.130
0.070
0.105
0.195
0.235
0.285
0.325
0.300
0.250
0.115
0.035
0.125
0.155
0.165
0.205
0.355
0.325
0.280
0.240
0.185
0.160
0.115
0.035
0.075
0.230
0.255
0.275
0.210
0.175
0.100
0.020
-0.025
0.000
0.085
0.080
0.100
0.085
0.070
-0.005
-0.070
-0.100
-0.100
-0.110
-0.040
0.010
0.010
-0.025
-0.040
-0.045
-0.160
-0.200
-0.140
-0.130
-0.075
-0.060
-0.065
-0.030
-0.075
-0.095
-0.155
-0.165
-0.185
-0.100
-0.105
-0.060
-0.020
-0.065
-0.035
-0.105
-0.160
-0.180
-0.190
-0.120
-0.055
-0.015
-0.010
-0.050
-0.065
-0.070
-0.150
-0.185
-0.130
-0.140
-0.105
-0.110
-0.085
0.015
0.000
-0.085
-0.200
-0.150
-0.145
-0.130
-0.050
-0.040
-0.035
0.010
-0.035
-0.075
-0.170
-0.155
-0.155
-0.090
-0.030
0.000
-0.005
-0.040
-0.065
-0.125
-0.150
-0.190
-0.160
-0.115
-0.030
0.040
0.030
-0.005
-0.005
-0.090
-0.155
-0.180
-0.185
-0.140
-0.085
-0.015
0.010
-0.005
-0.070
-0.105
-0.110
-0.130
-0.105
-0.085
-0.025
-0.020
0.010
-0.080
-0.070
-0.150
-0.150
-0.135
-0.160
-0.085
-0.035
-0.015
0.000
-0.030
-0.085
-0.130
-0.135
-0.180
-0.175
-0.100
-0.030
0.025
0.000
-0.025
-0.040
-0.100
-0.150
-0.155
-0.145
-0.125
-0.050
0.025
0.030
-0.060
-0.065
-0.140
-0.140
-0.185
-0.155
-0.065
-0.115
-0.090
-0.025
-0.025
-0.045
-0.120
-0.185
-0.170
-0.170
-0.085
-0.040
-0.010
-0.025
-0.060
-0.085
-0.145
-0.110
-0.120
-0.100
-0.115
-0.135
-0.050
0.005
-0.040
-0.085
-0.145
-0.150
-0.160
-0.130
-0.075
-0.060
-0.015
0.000
-0.065
-0.100
-0.155
-0.225
-0.220
-0.170
-0.095
-0.040
-0.010
-0.010
-0.060
-0.090
-0.155
-0.160
-0.155
-0.100
-0.095
-0.010
0.055
-0.020
-0.065
-0.120
-0.105
-0.135
-0.115
-0.090
-0.050
0.030
0.075
0.035
-0.030
-0.120
-0.110
-0.115
-0.135
-0.060
-0.010
0.035
0.055
0.010
-0.005
-0.040
-0.110
-0.165
-0.050
-0.035
0.000
0.050
0.085
0.040
-0.010
-0.085
-0.085
-0.150
-0.125
-0.090
-0.030
-0.015
-0.045
-0.070
-0.100
-0.075
-0.125
-0.195
-0.160
-0.090
-0.050
-0.055
-0.035
-0.030
-0.100
-0.115
-0.175
-0.145
-0.085
-0.105
-0.010
-0.070
-0.080
-0.050
-0.080
-0.150
-0.210
-0.190
-0.205
-0.120
0.035
-0.020
-0.105
-0.045
-0.085
-0.180
-0.185
-0.150
-0.170
-0.150
-0.115
-0.065
-0.045
-0.040
-0.145
-0.195
-0.145
-0.115
0.020
0.070
0.225
0.370
0.390
0.470
0.590
0.670
0.680
0.725
0.645
0.650
0.615
0.520
0.415
0.260
0.045
-0.085
-0.260
-0.310
-0.190
-0.060
-0.075
-0.060
-0.020
-0.020
-0.105
-0.120
-0.085
-0.125
-0.080
-0.075
-0.080
-0.065
-0.020
-0.075
-0.100
-0.105
-0.090
-0.085
-0.055
-0.075
-0.025
-0.025
-0.005
-0.025
-0.070
-0.105
-0.110
-0.140
-0.065
-0.035
0.000
0.020
0.040
0.015
-0.035
-0.095
-0.090
-0.085
-0.065
0.015
0.050
0.070
0.035
0.000
-0.085
-0.060
-0.090
-0.070
-0.080
-0.005
0.050
0.085
0.075
0.030
-0.035
-0.050
-0.045
-0.030
0.010
0.015
0.040
0.125
0.045
-0.005
-0.010
-0.035
-0.045
-0.010
0.015
0.075
0.135
0.130
0.120
0.125
0.090
0.050
0.045
0.060
0.125
0.210
0.245
0.245
0.215
0.165
0.125
0.105
0.090
0.170
0.185
0.230
0.275
0.295
0.295
0.275
0.225
0.185
0.175
0.230
0.240
0.285
0.300
0.290
0.280
0.245
0.215
0.175
0.195
0.150
0.160
0.280
0.260
0.255
0.225
0.165
0.130
0.075
0.065
0.045
0.095
0.125
0.165
0.135
0.090
0.055
-0.055
-0.055
-0.015
-0.035
-0.010
-0.010
0.020
0.080
0.040
-0.025
-0.090
-0.125
-0.130
-0.110
-0.055
0.050
0.035
0.015
-0.020
-0.050
-0.110
-0.120
-0.120
-0.110
-0.090
-0.025
0.000
-0.010
-0.015
-0.110
-0.135
-0.120
-0.095
-0.065
-0.030
-0.045
-0.115
-0.005
-0.015
-0.045
-0.080
-0.125
-0.145
-0.160
-0.100
-0.020
0.020
0.040
-0.020
-0.085
-0.120
-0.130
-0.105
-0.085
-0.045
-0.030
0.005
0.065
-0.015
-0.080
-0.070
-0.090
-0.120
-0.115
-0.040
-0.010
-0.005
-0.010
-0.055
-0.105
-0.110
-0.110
-0.130
-0.100
0.000
0.055
0.020
0.025
-0.030
-0.090
-0.115
-0.135
-0.075
-0.050
-0.045
-0.080
-0.025
0.005
-0.020
-0.110
-0.145
-0.140
-0.120
-0.085
-0.045
0.015
0.065
0.005
-0.125
-0.155
-0.175
-0.180
-0.140
-0.075
0.015
-0.010
-0.005
-0.060
-0.085
-0.125
-0.095
-0.130
-0.115
-0.105
-0.055
-0.010
-0.045
-0.085
-0.030
-0.095
-0.105
-0.140
-0.105
-0.090
-0.030
0.050
0.010
0.000
-0.100
-0.175
-0.225
-0.180
-0.200
-0.185
0.005
0.025
0.010
0.020
-0.075
-0.160
-0.135
-0.125
-0.080
-0.100
-0.070
-0.070
-0.040
-0.080
-0.150
-0.130
-0.105
-0.130
-0.115
-0.065
-0.005
0.010
0.000
-0.015
-0.090
-0.155
-0.135
-0.140
-0.090
-0.055
0.005
0.050
-0.040
-0.075
-0.170
-0.205
-0.140
-0.145
-0.120
-0.085
-0.075
-0.035
0.000
-0.065
-0.110
-0.120
-0.165
-0.155
-0.070
-0.100
-0.015
0.015
0.025
0.005
-0.065
-0.130
-0.185
-0.085
-0.010
0.000
-0.085
0.005
-0.005
-0.025
-0.030
-0.090
-0.075
-0.095
-0.085
0.035
0.080
0.115
0.060
-0.010
-0.095
-0.090
-0.125
-0.135
-0.085
-0.045
0.015
0.010
-0.080
-0.060
-0.130
-0.195
-0.140
-0.100
-0.080
-0.025
-0.055
-0.055
-0.020
-0.085
-0.085
-0.160
-0.175
-0.170
-0.110
-0.060
-0.080
-0.085
-0.085
-0.050
-0.120
-0.105
-0.190
-0.200
-0.105
-0.070
-0.065
-0.020
-0.080
-0.090
-0.155
-0.190
-0.165
-0.110
-0.095
-0.070
-0.080
-0.090
-0.105
-0.130
-0.165
-0.205
-0.190
-0.135
-0.165
0.015
0.135
0.120
0.170
0.250
0.240
0.295
0.435
0.580
0.620
0.695
0.705
0.625
0.490
0.425
0.255
0.140
0.040
-0.130
-0.185
-0.140
-0.080
-0.115
-0.160
-0.145
-0.180
-0.160
-0.145
-0.095
-0.065
-0.055
0.020
0.005
-0.045
-0.075
-0.130
-0.190
-0.145
-0.090
0.005
0.030
0.020
-0.035
-0.045
-0.070
-0.105
-0.145
-0.125
-0.110
-0.035
0.000
0.045
0.020
-0.020
-0.135
-0.130
-0.140
-0.130
-0.065
0.000
0.015
0.025
0.085
0.005
-0.070
-0.100
-0.110
-0.055
-0.040
0.010
0.045
0.080
0.070
0.005
-0.055
-0.070
-0.095
-0.105
-0.065
0.025
0.090
0.125
0.070
0.025
0.010
-0.040
-0.055
0.005
0.040
0.090
0.085
0.060
0.065
0.030
-0.005
0.010
0.035
0.005
0.055
0.135
0.180
0.200
0.185
0.145
0.095
0.100
0.065
0.045
0.095
0.215
0.270
0.290
0.270
0.230
0.170
0.130
0.120
0.160
0.195
0.255
0.310
0.300
0.300
0.290
0.180
0.175
0.150
0.150
0.205
0.225
0.260
0.230
0.245
0.175
0.150
0.120
0.040
0.040
0.115
0.115
0.165
0.185
0.115
0.075
-0.005
-0.050
-0.080
-0.040
0.015
0.110
0.030
0.040
0.070
-0.010
-0.145
-0.075
-0.040
-0.025
-0.090
-0.075
0.070
0.010
-0.070
-0.085
-0.095
-0.105
-0.120
-0.150
-0.110
0.015
-0.015
0.020
-0.055
-0.140
-0.120
-0.180
-0.165
-0.090
-0.105
-0.030
-0.020
0.025
-0.010
-0.115
-0.155
-0.195
-0.110
-0.030
-0.045
0.065
0.005
0.020
-0.015
-0.110
-0.145
-0.185
-0.145
-0.095
-0.060
-0.010
-0.035
0.010
0.010
-0.040
-0.095
-0.105
-0.145
-0.090
-0.045
0.010
0.010
-0.025
-0.075
-0.100
-0.110
-0.170
-0.100
-0.045
0.000
0.030
0.090
0.070
-0.060
-0.120
-0.185
-0.145
-0.105
-0.140
-0.030
0.065
0.005
-0.005
-0.005
-0.050
-0.140
-0.235
-0.175
-0.050
0.005
0.080
-0.015
-0.020
-0.045
-0.105
-0.140
-0.175
-0.140
-0.090
-0.015
0.010
0.035
0.035
-0.020
-0.090
-0.095
-0.150
-0.135
-0.155
-0.055
-0.050
-0.020
-0.030
-0.055
-0.115
-0.155
-0.165
-0.105
-0.065
-0.015
0.020
-0.050
-0.045
-0.110
-0.115
-0.155
-0.195
-0.095
-0.070
-0.030
-0.025
0.000
-0.060
-0.125
-0.135
-0.130
-0.110
-0.125
-0.080
-0.060
-0.045
-0.090
-0.090
-0.070
-0.130
-0.140
-0.125
-0.105
-0.075
-0.025
0.040
-0.020
-0.050
-0.100
-0.120
-0.180
-0.165
-0.105
-0.095
-0.015
-0.030
-0.020
0.020
-0.060
-0.170
-0.170
-0.185
-0.105
-0.055
0.025
0.000
0.010
-0.035
-0.095
-0.100
-0.105
-0.185
-0.040
-0.035
-0.005
0.010
-0.010
-0.030
-0.120
-0.100
-0.100
-0.070
-0.040
0.010
0.045
0.050
0.095
0.000
-0.065
-0.050
-0.080
-0.150
-0.070
0.030
0.060
0.035
0.020
-0.015
-0.035
-0.100
-0.170
-0.150
-0.110
-0.050
-0.005
-0.020
-0.020
-0.060
-0.110
-0.165
-0.220
-0.190
-0.105
-0.015
0.000
-0.020
-0.050
-0.015
-0.070
-0.110
-0.180
-0.120
-0.135
-0.080
-0.065
-0.045
-0.085
-0.065
-0.125
-0.190
-0.165
-0.145
-0.165
-0.060
0.015
-0.005
0.005
-0.085
-0.175
-0.215
-0.275
-0.230
-0.135
-0.050
-0.045
-0.125
-0.105
-0.080
-0.050
-0.025
0.010
0.105
0.215
0.345
0.470
0.580
0.715
0.770
0.645
0.640
0.585
0.480
0.360
0.380
0.290
0.165
0.045
-0.150
-0.225
-0.190
-0.200
-0.175
-0.185
-0.050
0.000
0.020
-0.040
-0.070
-0.110
-0.130
-0.140
-0.070
-0.050
-0.015
0.020
0.055
-0.040
-0.155
-0.175
-0.175
-0.130
-0.105
-0.085
-0.055
0.015
0.035
-0.040
-0.110
-0.150
-0.145
-0.105
-0.060
0.000
0.040
0.090
0.050
-0.010
-0.025
-0.105
-0.095
-0.085
-0.060
-0.025
0.060
0.045
-0.035
-0.035
-0.035
-0.045
-0.075
-0.120
-0.030
0.055
0.060
0.025
0.025
-0.040
-0.035
-0.065
-0.070
-0.060
0.005
0.015
-0.015
0.050
0.130
0.090
0.045
-0.025
0.025
0.015
0.000
0.090
0.135
0.175
0.125
0.125
0.070
0.050
-0.010
0.050
0.105
0.145
0.175
0.220
0.195
0.195
0.140
0.130
0.100
0.145
0.195
0.290
0.270
0.265
0.290
0.245
0.190
0.200
0.130
0.155
0.180
0.205
0.265
0.325
0.305
0.215
0.155
0.085
0.150
0.180
0.195
0.260
0.235
0.210
0.105
0.125
0.050
0.020
-0.055
0.000
0.040
0.100
0.170
0.100
0.045
0.015
-0.035
-0.090
-0.175
-0.100
-0.070
-0.045
0.020
0.045
-0.025
-0.070
-0.120
-0.210
-0.175
-0.090
-0.095
-0.045
-0.030
-0.005
-0.010
-0.090
-0.185
-0.180
-0.130
-0.185
-0.110
-0.020
-0.005
-0.030
-0.010
-0.105
-0.150
-0.180
-0.160
-0.145
-0.090
-0.080
-0.060
0.025
-0.060
-0.140
-0.180
-0.180
-0.230
-0.090
-0.115
-0.065
-0.015
-0.005
-0.030
-0.085
-0.155
-0.180
-0.175
-0.145
-0.040
0.030
0.010
-0.010
-0.005
-0.135
-0.175
-0.120
-0.100
-0.130
-0.110
0.000
-0.010
-0.040
-0.080
-0.115
-0.135
-0.160
-0.175
-0.110
0.020
0.005
0.015
-0.030
0.015
-0.070
-0.150
-0.185
-0.185
-0.080
-0.055
-0.100
0.020
-0.025
-0.090
-0.145
-0.235
-0.140
-0.130
-0.135
-0.030
-0.040
-0.010
-0.020
-0.020
-0.125
-0.135
-0.160
-0.150
-0.135
-0.125
-0.045
-0.005
0.025
-0.035
-0.145
-0.165
-0.190
-0.110
-0.100
-0.020
-0.015
-0.060
-0.030
-0.030
-0.140
-0.140
-0.145
-0.105
-0.115
-0.120
0.010
-0.040
-0.055
-0.090
-0.155
-0.170
-0.165
-0.090
-0.100
0.015
-0.045
-0.015
-0.060
-0.170
-0.190
-0.170
-0.180
-0.075
-0.150
-0.090
0.035
-0.025
-0.035
-0.075
-0.170
-0.160
-0.160
-0.145
-0.085
-0.050
-0.045
-0.060
-0.070
-0.105
-0.145
-0.160
-0.185
-0.215
-0.120
0.065
0.025
-0.020
-0.065
-0.065
-0.060
-0.165
-0.185
-0.100
-0.055
-0.025
-0.010
-0.060
-0.015
-0.090
-0.105
-0.095
-0.135
-0.015
0.010
0.045
0.040
-0.035
-0.025
-0.090
-0.105
-0.075
-0.090
0.000
0.040
0.045
0.000
-0.010
0.010
-0.100
-0.175
-0.165
-0.140
-0.090
-0.040
-0.065
-0.065
-0.130
-0.115
-0.180
-0.235
-0.130
-0.140
-0.130
-0.080
-0.045
-0.045
-0.110
-0.100
-0.100
-0.140
-0.210
-0.215
-0.170
-0.125
-0.055
0.005
-0.080
-0.135
-0.160
-0.180
-0.165
-0.125
-0.155
-0.125
-0.030
-0.025
-0.145
-0.150
-0.180
-0.200
-0.215
-0.215
-0.185
-0.155
-0.145
-0.070
-0.025
-0.015
-0.015
0.020
0.090
0.200
0.255
0.445
0.645
0.760
0.800
0.750
0.735
0.660
0.545
0.410
0.310
0.230
0.090
0.030
-0.050
-0.155
-0.260
-0.280
-0.255
-0.150
-0.155
-0.060
-0.015
-0.015
-0.070
-0.125
-0.125
-0.165
-0.130
-0.120
-0.110
-0.030
-0.020
-0.030
-0.080
-0.120
-0.130
-0.135
-0.135
-0.085
-0.070
-0.050
-0.020
-0.055
-0.090
-0.090
-0.115
-0.130
-0.165
-0.120
-0.115
0.005
0.025
0.035
0.015
-0.035
-0.095
-0.195
-0.145
-0.030
-0.100
-0.045
0.040
0.030
-0.015
-0.045
-0.055
-0.095
-0.080
-0.060
-0.055
-0.005
0.050
0.070
0.005
0.000
-0.080
-0.080
-0.085
-0.090
0.015
0.060
0.110
0.085
0.060
0.040
-0.055
-0.050
-0.065
0.010
0.050
0.140
0.195
0.160
0.095
0.055
0.035
0.035
0.085
0.100
0.155
0.165
0.210
0.230
0.190
0.160
0.105
0.145
0.165
0.235
0.215
0.255
0.295
0.230
0.200
0.150
0.170
0.155
0.155
0.215
0.250
0.265
0.295
0.200
0.205
0.100
0.115
0.110
0.145
0.120
0.155
0.230
0.250
0.190
0.085
-0.025
0.035
-0.025
0.035
0.010
0.020
-0.005
0.105
0.120
0.020
-0.070
-0.075
-0.150
-0.125
-0.075
-0.010
-0.015
-0.025
-0.065
-0.065
-0.085
-0.090
-0.190
-0.205
-0.115
-0.025
0.025
0.035
0.010
-0.065
-0.125
-0.190
-0.195
-0.155
-0.100
-0.070
-0.025
0.005
0.005
-0.100
-0.175
-0.200
-0.210
-0.080
-0.075
-0.015
-0.030
-0.020
-0.055
-0.110
-0.165
-0.220
-0.175
-0.190
-0.100
-0.010
0.015
-0.025
-0.050
-0.075
-0.145
-0.165
-0.165
-0.110
-0.070
-0.080
-0.060
-0.025
-0.050
-0.080
-0.175
-0.180
-0.120
-0.100
-0.050
-0.010
0.020
-0.010
-0.075
-0.080
-0.110
-0.145
-0.160
-0.115
-0.095
-0.025
-0.020
-0.040
-0.050
-0.135
-0.225
-0.190
-0.145
-0.105
-0.045
-0.005
0.020
0.010
-0.050
-0.090
-0.145
-0.135
-0.135
-0.115
-0.115
-0.085
-0.055
-0.030
-0.075
-0.130
-0.160
-0.195
-0.165
-0.070
-0.050
-0.035
-0.060
-0.035
-0.120
-0.165
-0.140
-0.170
-0.200
-0.115
-0.040
0.010
-0.070
0.000
0.010
-0.165
-0.210
-0.185
-0.150
-0.140
-0.075
-0.030
0.015
-0.080
-0.140
-0.110
-0.165
-0.145
-0.150
-0.160
-0.085
-0.065
-0.020
-0.035
-0.055
-0.125
-0.130
-0.165
-0.155
-0.150
-0.100
-0.035
-0.025
-0.070
-0.115
-0.130
-0.175
-0.165
-0.175
-0.125
-0.110
-0.100
-0.090
-0.045
-0.060
-0.145
-0.165
-0.160
-0.135
-0.065
-0.015
0.005
0.025
-0.030
-0.065
-0.130
-0.215
-0.130
-0.090
-0.010
0.035
0.025
0.000
-0.025
-0.075
-0.050
-0.090
-0.065
-0.055
-0.025
-0.010
0.005
0.005
-0.010
-0.060
-0.115
-0.160
-0.150
-0.150
-0.110
-0.075
-0.060
-0.050
-0.075
-0.120
-0.125
-0.155
-0.195
-0.150
-0.145
-0.095
-0.045
-0.055
-0.095
-0.165
-0.180
-0.170
-0.175
-0.140
-0.095
-0.060
-0.015
-0.065
-0.090
-0.090
-0.200
-0.225
-0.180
-0.135
-0.125
-0.080
-0.070
-0.075
-0.060
-0.210
-0.190
-0.215
-0.220
-0.195
-0.145
-0.055
-0.060
-0.105
-0.130
-0.170
-0.210
-0.195
-0.085
0.035
0.155
0.265
0.340
0.445
0.570
0.590
0.540
0.545
0.545
0.515
0.465
0.405
0.355
0.235
0.000
-0.175
-0.265
-0.280
-0.310
-0.245
-0.170
-0.130
-0.065
-0.040
-0.070
-0.105
-0.135
-0.175
-0.135
-0.135
-0.015
-0.010
-0.060
-0.080
-0.120
-0.145
-0.145
-0.155
-0.110
-0.130
-0.090
-0.025
0.020
0.015
-0.025
-0.140
-0.155
-0.170
-0.130
-0.070
-0.035
-0.005
-0.030
-0.035
-0.090
-0.110
-0.175
-0.180
-0.095
-0.090
-0.030
0.030
0.105
0.040
-0.120
-0.200
-0.145
-0.100
-0.105
-0.040
-0.025
0.005
0.050
0.040
-0.025
-0.085
-0.095
-0.080
-0.060
-0.010
0.070
0.050
0.030
0.015
0.010
0.000
-0.085
-0.055
-0.015
0.040
0.065
0.115
0.090
0.115
0.030
-0.005
-0.005
-0.015
0.070
0.140
0.165
0.185
0.225
0.180
0.100
0.025
0.030
0.055
0.130
0.185
0.205
0.230
0.250
0.230
0.150
0.160
0.140
0.105
0.150
0.230
0.270
0.310
0.280
0.190
0.075
0.015
0.080
0.115
0.225
0.260
0.200
0.175
0.175
0.140
0.105
0.005
-0.045
-0.015
0.030
0.090
0.100
0.110
0.085
0.025
-0.095
-0.115
-0.100
-0.085
-0.075
-0.010
0.010
0.035
-0.005
0.015
-0.135
-0.155
-0.190
-0.115
-0.105
-0.100
-0.105
-0.030
-0.015
-0.080
-0.110
-0.140
-0.125
-0.140
-0.100
-0.040
-0.115
-0.045
-0.065
-0.140
-0.175
-0.190
-0.155
-0.115
-0.085
-0.040
-0.060
-0.085
-0.090
-0.060
-0.135
-0.195
-0.220
-0.155
-0.120
-0.025
0.030
0.005
-0.055
-0.115
-0.120
-0.170
-0.185
-0.130
-0.090
-0.030
-0.030
-0.045
-0.035
-0.100
-0.110
-0.140
-0.205
-0.140
-0.090
-0.035
0.030
-0.035
-0.080
-0.100
-0.195
-0.175
-0.095
-0.100
-0.100
-0.015
-0.010
-0.035
-0.080
-0.155
-0.130
-0.190
-0.170
-0.060
-0.060
-0.050
-0.005
-0.005
-0.050
-0.085
-0.180
-0.185
-0.205
-0.120
-0.005
-0.035
-0.010
-0.010
-0.070
-0.085
-0.105
-0.170
-0.195
-0.180
-0.090
0.030
-0.015
-0.035
-0.020
-0.125
-0.150
-0.110
-0.075
-0.110
-0.115
-0.050
-0.015
-0.030
-0.085
-0.105
-0.125
-0.145
-0.075
-0.125
-0.115
-0.035
-0.055
-0.090
-0.080
-0.155
-0.190
-0.145
-0.130
-0.120
-0.065
-0.040
-0.025
-0.020
-0.085
-0.180
-0.150
-0.150
-0.135
-0.085
-0.035
-0.035
-0.010
-0.025
-0.090
-0.155
-0.205
-0.205
-0.170
-0.090
0.005
0.045
0.040
-0.070
-0.105
-0.130
-0.115
-0.100
-0.075
-0.055
-0.005
-0.010
-0.005
-0.030
-0.085
-0.125
-0.105
-0.145
-0.110
-0.060
0.075
0.080
0.095
0.040
-0.030
-0.095
-0.115
-0.115
-0.105
-0.070
0.000
0.070
0.060
-0.045
-0.055
-0.135
-0.200
-0.275
-0.130
-0.085
-0.030
-0.005
-0.005
-0.030
-0.070
-0.135
-0.165
-0.165
-0.120
-0.055
-0.065
-0.060
-0.035
-0.085
-0.150
-0.145
-0.190
-0.165
-0.105
-0.095
-0.025
0.000
-0.095
-0.085
-0.090
-0.205
-0.200
-0.145
-0.125
-0.075
-0.085
-0.060
-0.050
-0.050
-0.105
-0.185
-0.245
-0.245
-0.195
-0.115
-0.125
-0.090
0.025
0.035
0.035
0.040
0.095
0.160
0.270
0.465
0.600
0.695
0.705
0.660
0.500
0.420
0.375
0.310
0.265
0.225
0.125
-0.015
-0.170
-0.180
-0.230
-0.185
-0.160
-0.165
-0.140
-0.010
0.010
0.020
-0.025
-0.060
-0.085
-0.125
-0.185
-0.150
-0.080
0.005
0.050
0.020
-0.060
-0.055
-0.100
-0.130
-0.175
-0.135
-0.070
-0.010
0.005
0.025
0.010
-0.025
-0.125
-0.185
-0.200
-0.155
-0.075
0.010
0.000
0.030
0.005
-0.015
-0.080
-0.090
-0.115
-0.115
-0.060
0.040
0.045
0.075
0.020
-0.045
-0.130
-0.095
-0.060
-0.010
0.025
0.015
0.050
0.050
-0.015
-0.005
-0.050
-0.050
-0.015
0.010
0.085
0.070
0.100
0.125
0.075
0.000
-0.060
-0.055
-0.055
0.040
0.135
0.175
0.185
0.195
0.155
0.070
0.040
0.015
0.065
0.070
0.160
0.225
0.260
0.230
0.155
0.205
0.095
0.065
0.135
0.200
0.245
0.280
0.290
0.285
0.280
0.220
0.205
0.175
0.140
0.135
0.190
0.235
0.295
0.295
0.245
0.170
0.110
0.090
0.085
0.080
0.160
0.215
0.170
0.085
0.120
0.090
0.015
0.005
-0.025
-0.035
0.020
0.075
0.030
0.045
0.035
-0.015
-0.070
-0.080
-0.070
-0.055
0.010
-0.010
-0.015
0.090
-0.005
-0.150
-0.090
-0.180
-0.135
-0.055
-0.020
-0.010
-0.025
-0.055
-0.015
-0.025
-0.035
-0.125
-0.180
-0.175
-0.060
-0.075
-0.040
-0.015
-0.040
-0.145
-0.175
-0.140
-0.135
-0.075
-0.040
-0.015
-0.005
-0.055
-0.060
-0.100
-0.120
-0.130
-0.140
-0.145
-0.100
-0.015
0.010
0.020
-0.065
-0.105
-0.120
-0.110
-0.135
-0.125
-0.045
0.000
-0.035
-0.025
-0.065
-0.080
-0.165
-0.180
-0.100
-0.035
-0.010
0.015
0.030
0.005
0.010
-0.125
-0.150
-0.150
-0.145
-0.045
0.010
0.015
0.050
-0.010
-0.100
-0.140
-0.145
-0.115
-0.155
-0.075
-0.015
0.020
0.015
-0.050
-0.065
-0.120
-0.195
-0.190
-0.135
-0.045
-0.010
0.050
0.020
-0.035
-0.090
-0.170
-0.170
-0.170
-0.135
-0.095
-0.025
-0.070
-0.030
-0.015
-0.075
-0.155
-0.200
-0.120
-0.065
-0.070
-0.085
-0.010
-0.010
-0.055
-0.100
-0.145
-0.175
-0.095
-0.035
-0.025
-0.020
0.005
0.005
-0.045
-0.075
-0.125
-0.160
-0.165
-0.140
-0.080
-0.020
-0.010
0.010
-0.015
-0.035
-0.145
-0.165
-0.170
-0.130
-0.075
-0.040
-0.025
-0.025
-0.035
-0.070
-0.085
-0.125
-0.095
-0.045
-0.025
0.000
0.050
0.040
0.010
-0.060
-0.140
-0.160
-0.060
-0.020
0.055
-0.030
0.035
0.015
0.015
-0.055
-0.090
-0.095
-0.085
-0.040
0.010
-0.005
-0.030
-0.030
-0.025
-0.095
-0.155
-0.180
-0.145
-0.110
-0.035
0.010
0.010
-0.060
-0.055
-0.095
-0.140
-0.150
-0.115
-0.075
-0.050
-0.080
-0.055
-0.025
-0.095
-0.160
-0.185
-0.150
-0.075
-0.050
-0.090
-0.055
-0.025
-0.030
-0.120
-0.135
-0.115
-0.115
-0.105
-0.100
-0.040
0.005
0.045
0.060
-0.070
-0.180
-0.225
-0.250
-0.225
-0.145
-0.095
0.020
0.065
0.065
0.070
0.070
0.140
0.185
0.360
0.525
0.650
0.765
0.765
0.670
0.535
0.450
0.340
0.250
0.200
0.130
0.085
-0.030
-0.110
-0.090
-0.120
-0.140
-0.165
-0.130
-0.115
-0.060
0.010
0.050
0.090
0.010
-0.085
-0.055
-0.145
-0.130
-0.130
-0.095
-0.040
0.010
0.045
0.020
-0.070
-0.120
-0.140
-0.120
-0.080
0.010
0.090
0.065
0.050
-0.030
-0.065
-0.160
-0.135
-0.075
0.030
0.065
0.050
0.035
-0.025
-0.015
-0.080
-0.100
-0.110
-0.040
-0.010
0.035
0.050
0.075
0.005
-0.005
-0.045
-0.030
-0.070
-0.020
0.015
0.095
0.130
0.115
0.090
0.055
-0.020
-0.065
-0.035
-0.030
0.090
0.160
0.125
0.080
0.140
0.100
0.065
-0.015
-0.020
0.035
0.090
0.190
0.135
0.145
0.185
0.160
0.060
0.055
0.145
0.175
0.195
0.260
0.265
0.260
0.250
0.245
0.145
0.140
0.165
0.180
0.245
0.325
0.375
0.380
0.285
0.245
0.235
0.205
0.160
0.175
0.200
0.290
0.315
0.320
0.260
0.230
0.175
0.170
0.155
0.180
0.210
0.240
0.210
0.175
0.155
0.125
0.035
-0.005
-0.040
0.000
0.055
0.120
0.145
0.120
0.045
0.010
-0.030
-0.035
-0.060
-0.080
0.000
0.040
0.065
0.060
0.005
-0.085
-0.095
-0.100
-0.100
-0.080
-0.035
0.045
0.015
0.020
-0.015
-0.065
-0.090
-0.135
-0.100
-0.080
-0.030
0.030
0.045
0.060
-0.015
-0.135
-0.145
-0.145
-0.140
-0.140
-0.005
0.040
0.035
0.030
-0.005
-0.035
-0.090
-0.080
-0.095
-0.025
0.095
0.020
-0.025
-0.040
-0.030
-0.065
-0.090
-0.110
-0.090
-0.040
0.035
0.015
0.070
0.040
-0.010
-0.080
-0.110
-0.100
-0.060
-0.040
-0.015
0.060
0.015
-0.005
-0.030
-0.040
-0.070
-0.015
-0.050
-0.100
-0.015
-0.015
0.020
0.005
-0.075
-0.105
-0.140
-0.105
-0.075
-0.030
0.025
0.095
0.110
-0.015
-0.050
-0.085
-0.095
-0.060
-0.085
-0.035
-0.005
0.000
-0.005
0.000
0.000
-0.055
-0.105
-0.105
-0.105
-0.100
-0.050
-0.020
0.040
0.025
-0.015
-0.065
-0.160
-0.145
-0.060
-0.030
0.045
0.065
0.075
0.035
-0.065
-0.080
-0.150
-0.150
-0.085
-0.070
-0.020
0.040
0.065
0.015
-0.045
-0.110
-0.200
-0.110
-0.055
0.015
0.020
0.025
0.005
-0.040
-0.115
-0.135
-0.060
-0.125
-0.080
-0.065
-0.030
0.000
0.045
-0.050
-0.100
-0.110
-0.110
-0.125
-0.110
-0.045
0.025
0.065
0.040
0.040
0.010
-0.045
-0.125
-0.120
0.005
-0.020
0.040
0.095
0.050
0.025
0.005
-0.010
-0.055
-0.095
-0.025
0.095
0.105
0.095
0.045
0.020
-0.080
-0.140
-0.095
0.015
0.010
-0.025
0.030
-0.005
0.030
-0.040
-0.080
-0.095
-0.140
-0.120
-0.065
-0.045
0.065
0.070
-0.065
-0.065
-0.165
-0.160
-0.095
-0.115
-0.070
0.015
0.030
0.015
-0.020
-0.030
-0.095
-0.095
-0.125
-0.155
-0.090
-0.010
0.050
0.020
-0.010
-0.025
-0.100
-0.150
-0.155
-0.120
-0.080
-0.055
-0.040
0.005
-0.035
-0.100
-0.175
-0.150
-0.215
-0.160
0.000
0.130
0.215
0.285
0.330
0.410
0.450
0.520
0.540
0.610
0.635
0.640
0.580
0.505
0.390
0.315
0.145
-0.060
-0.290
-0.295
-0.210
-0.055
-0.015
-0.005
-0.050
-0.085
-0.125
-0.135
-0.095
-0.035
-0.015
-0.010
0.055
0.055
0.060
-0.020
-0.110
-0.095
-0.120
-0.085
-0.040
0.060
0.040
0.055
0.000
0.035
-0.030
-0.130
-0.020
-0.060
-0.035
0.035
0.025
0.040
-0.005
-0.015
-0.065
-0.115
-0.075
0.000
0.025
0.070
0.085
0.060
0.035
0.030
0.015
-0.050
-0.050
0.000
0.040
0.080
0.070
0.090
0.020
0.015
-0.010
-0.040
0.020
0.060
0.090
0.080
0.125
0.135
0.115
0.005
-0.090
0.000
0.040
0.035
0.125
0.150
0.180
0.135
0.130
0.090
0.040
0.010
0.015
0.020
0.165
0.250
0.280
0.195
0.180
0.160
0.120
0.130
0.135
0.190
0.245
0.300
0.370
0.305
0.230
0.170
0.150
0.170
0.175
0.230
0.315
0.325
0.370
0.335
0.285
0.190
0.115
0.085
0.100
0.190
0.245
0.255
0.255
0.215
0.185
0.105
0.060
0.075
0.070
0.070
0.150
0.180
0.135
0.065
0.050
-0.075
-0.085
-0.020
0.015
0.025
0.060
0.080
0.075
0.065
-0.005
-0.060
-0.050
-0.120
-0.040
0.000
0.060
0.105
0.050
-0.010
-0.075
-0.120
-0.125
-0.120
-0.070
-0.035
0.030
0.065
0.035
0.005
-0.050
-0.105
-0.120
-0.055
-0.025
0.025
-0.035
0.005
0.020
-0.010
-0.105
-0.130
-0.100
-0.125
-0.110
-0.025
0.100
0.085
0.075
0.010
-0.015
-0.095
-0.085
-0.085
-0.030
0.000
0.070
0.055
0.085
-0.015
-0.050
-0.100
-0.110
-0.110
-0.075
-0.030
0.060
0.080
0.060
0.030
-0.025
-0.075
-0.090
-0.060
-0.015
0.035
0.050
0.075
0.040
-0.030
-0.070
-0.125
-0.090
-0.075
-0.010
0.040
0.085
0.070
0.020
-0.035
-0.075
-0.100
-0.100
-0.065
-0.050
0.045
0.020
0.015
0.015
0.005
-0.045
-0.115
-0.070
-0.055
-0.025
0.005
0.070
0.085
0.020
