 0.090
 0.025
 -0.010
 -0.040
 -0.045
 -0.025
 0.005
 0.040
 0.075
 0.090
 0.095
 0.080
 0.055
 0.025
 0.000
 -0.015
 -0.015
 -0.005
 0.015
 0.035
 0.050
 0.060
 0.060
 0.055
 0.040
 0.025
 0.010
 0.005
 0.005
 0.015
 0.025
 0.040
 0.050
 0.055
 0.060
 0.055
 0.050
 0.045
 0.040
 0.035
 0.030
 0.025
 0.020
 0.015
 0.015
 0.010
 0.005
 0.005
 0.005
 0.005
 0.005
 0.010
 0.020
 0.025
 0.035
 0.040
 0.045
 0.045
 0.045
 0.035
 0.025
 0.015
 0.005
 0.000
 0.000
 0.005
 0.015
 0.025
 0.040
 0.040
 0.040
 0.025
 0.010
 -0.015
 -0.040
 -0.060
 -0.070
 -0.075
 -0.070
 -0.060
 -0.050
 -0.035
 -0.030
 -0.030
 -0.035
 -0.045
 -0.055
 -0.065
 -0.070
 -0.075
 -0.070
 -0.065
 -0.060
 -0.055
 -0.055
 -0.060
 -0.070
 -0.085
 -0.095
 -0.100
 -0.100
 -0.095
 -0.075
 -0.050
 -0.020
 0.015
 0.045
 0.065
 0.080
 0.085
 0.080
 0.065
 0.045
 0.025
 0.005
 -0.015
 -0.035
 -0.050
 -0.060
 -0.075
 -0.080
 -0.090
 -0.095
 -0.100
 -0.100
 -0.100
 -0.100
 -0.100
 -0.100
 -0.105
 -0.105
 -0.110
 -0.110
 -0.110
 -0.105
 -0.100
 -0.095
 -0.090
 -0.090
 -0.095
 -0.100
 -0.115
 -0.130
 -0.155
 -0.175
 -0.200
 -0.225
 -0.240
 -0.255
 -0.260
 -0.260
 -0.250
 -0.230
 -0.200
 -0.155
 -0.095
 -0.020
 0.070
 0.175
 0.285
 0.405
 0.520
 0.625
 0.715
 0.780
 0.815
 0.815
 0.775
 0.710
 0.615
 0.505
 0.395
 0.285
 0.190
 0.110
 0.050
 0.010
 -0.020
 -0.040
 -0.060
 -0.075
 -0.090
 -0.110
 -0.125
 -0.135
 -0.145
 -0.155
 -0.155
 -0.160
 -0.165
 -0.170
 -0.175
 -0.185
 -0.195
 -0.205
 -0.210
 -0.215
 -0.210
 -0.205
 -0.200
 -0.195
 -0.185
 -0.180
 -0.175
 -0.175
 -0.180
 -0.180
 -0.185
 -0.190
 -0.195
 -0.195
 -0.195
 -0.190
 -0.185
 -0.180
 -0.175
 -0.175
 -0.175
 -0.180
 -0.185
 -0.190
 -0.195
 -0.195
 -0.195
 -0.190
 -0.190
 -0.185
 -0.185
 -0.190
 -0.200
 -0.210
 -0.225
 -0.240
 -0.250
 -0.255
 -0.255
 -0.255
 -0.245
 -0.235
 -0.225
 -0.215
 -0.205
 -0.190
 -0.170
 -0.150
 -0.125
 -0.100
 -0.080
 -0.060
 -0.045
 -0.035
 -0.035
 -0.040
 -0.045
 -0.050
 -0.055
 -0.050
 -0.040
 -0.025
 -0.005
 0.020
 0.040
 0.060
 0.075
 0.085
 0.090
 0.095
 0.105
 0.110
 0.120
 0.130
 0.140
 0.150
 0.155
 0.155
 0.150
 0.145
 0.135
 0.125
 0.120
 0.120
 0.125
 0.140
 0.155
 0.175
 0.190
 0.205
 0.210
 0.210
 0.205
 0.190
 0.170
 0.150
 0.130
 0.110
 0.095
 0.080
 0.070
 0.060
 0.055
 0.045
 0.040
 0.035
 0.030
 0.025
 0.020
 0.015
 0.010
 0.000
 -0.005
 -0.015
 -0.025
 -0.035
 -0.040
 -0.045
 -0.045
 -0.040
 -0.035
 -0.030
 -0.025
 -0.025
 -0.025
 -0.030
 -0.035
 -0.040
 -0.045
 -0.050
 -0.050
 -0.050
 -0.045
 -0.040
 -0.030
 -0.025
 -0.020
 -0.020
 -0.025
 -0.030
 -0.035
 -0.045
 -0.050
 -0.050
 -0.050
 -0.040
 -0.030
 -0.020
 -0.005
 0.000
 0.005
 0.005
 0.000
 -0.010
 -0.020
 -0.030
 -0.030
 -0.030
 -0.025
 -0.015
 -0.005
 0.000
 0.000
 -0.005
 -0.015
 -0.025
 -0.040
 -0.045
 -0.050
 -0.055
 -0.050
 -0.045
 -0.040
 -0.035
 -0.030
 -0.030
 -0.025
 -0.025
 -0.020
 -0.015
 -0.010
 -0.005
 -0.005
 0.000
 0.000
 0.000
 0.000
 0.000
 0.000
 0.000
 0.000
 -0.005
 -0.010
 -0.020
 -0.035
 -0.045
 -0.050
 -0.055
 -0.055
 -0.050
 -0.040
 -0.035
 -0.030
 -0.025
 -0.030
 -0.040
 -0.045
 -0.055
 -0.060
 -0.055
 -0.050
 -0.035
 -0.025
 -0.015
 -0.010
 -0.015
 -0.025
 -0.040
 -0.055
 -0.065
 -0.070
 -0.065
 -0.050
 -0.030
 -0.005
 0.010
 0.025
 0.025
 0.020
 0.005
 -0.010
 -0.030
 -0.040
 -0.045
 -0.045
 -0.045
 -0.040
 -0.040
 -0.040
 -0.045
 -0.055
 -0.060
 -0.065
 -0.065
 -0.055
 -0.040
 -0.025
 -0.015
 -0.010
 -0.015
 -0.030
 -0.045
 -0.065
 -0.080
 -0.085
 -0.075
 -0.055
 -0.025
 0.015
 0.050
 0.080
 0.100
 0.105
 0.105
 0.100
 0.090
 0.085
 0.075
 0.070
 0.070
 0.065
 0.055
 0.040
 0.020
 0.000
 -0.020
 -0.030
 -0.040
 -0.040
 -0.035
 -0.025
 -0.020
 -0.015
 -0.020
 -0.025
 -0.040
 -0.055
 -0.065
 -0.070
 -0.070
 -0.060
 -0.050
 -0.040
 -0.030
 -0.025
 -0.030
 -0.040
 -0.055
 -0.070
 -0.090
 -0.105
 -0.120
 -0.130
 -0.140
 -0.145
 -0.150
 -0.150
 -0.140
 -0.125
 -0.100
 -0.060
 -0.010
 0.055
 0.135
 0.225
 0.320
 0.420
 0.520
 0.615
 0.705
 0.785
 0.845
 0.880
 0.885
 0.855
 0.795
 0.705
 0.595
 0.475
 0.360
 0.250
 0.160
 0.095
 0.055
 0.030
 0.015
 0.010
 0.000
 -0.015
 -0.035
 -0.060
 -0.080
 -0.090
 -0.095
 -0.090
 -0.080
 -0.060
 -0.050
 -0.040
 -0.040
 -0.055
 -0.075
 -0.100
 -0.125
 -0.145
 -0.155
 -0.155
 -0.150
 -0.140
 -0.125
 -0.110
 -0.095
 -0.085
 -0.080
 -0.080
 -0.080
 -0.085
 -0.085
 -0.085
 -0.085
 -0.085
 -0.080
 -0.075
 -0.075
 -0.070
 -0.070
 -0.070
 -0.070
 -0.075
 -0.080
 -0.085
 -0.085
 -0.085
 -0.085
 -0.080
 -0.070
 -0.065
 -0.060
 -0.055
 -0.055
 -0.055
 -0.055
 -0.060
 -0.060
 -0.060
 -0.055
 -0.045
 -0.035
 -0.030
 -0.020
 -0.015
 -0.010
 -0.010
 -0.010
 -0.010
 -0.010
 -0.010
 -0.005
 0.005
 0.015
 0.030
 0.040
 0.055
 0.070
 0.080
 0.085
 0.090
 0.090
 0.090
 0.090
 0.090
 0.095
 0.105
 0.115
 0.130
 0.145
 0.160
 0.165
 0.170
 0.170
 0.165
 0.165
 0.160
 0.160
 0.165
 0.170
 0.180
 0.190
 0.200
 0.200
 0.200
 0.195
 0.190
 0.185
 0.180
 0.180
 0.180
 0.180
 0.175
 0.165
 0.150
 0.135
 0.115
 0.095
 0.080
 0.070
 0.070
 0.075
 0.085
 0.090
 0.090
 0.080
 0.060
 0.035
 0.005
 -0.025
 -0.050
 -0.070
 -0.080
 -0.075
 -0.065
 -0.055
 -0.040
 -0.025
 -0.020
 -0.020
 -0.025
 -0.030
 -0.040
 -0.050
 -0.060
 -0.065
 -0.075
 -0.080
 -0.085
 -0.085
 -0.090
 -0.085
 -0.080
 -0.075
 -0.070
 -0.065
 -0.065
 -0.065
 -0.070
 -0.075
 -0.080
 -0.080
 -0.075
 -0.070
 -0.060
 -0.055
 -0.050
 -0.050
 -0.055
 -0.065
 -0.080
 -0.090
 -0.100
 -0.100
 -0.095
 -0.085
 -0.070
 -0.060
 -0.050
 -0.045
 -0.050
 -0.060
 -0.070
 -0.080
 -0.090
 -0.095
 -0.100
 -0.100
 -0.100
 -0.100
 -0.100
 -0.095
 -0.095
 -0.090
 -0.080
 -0.070
 -0.060
 -0.050
 -0.045
 -0.050
 -0.060
 -0.075
 -0.095
 -0.110
 -0.125
 -0.130
 -0.125
 -0.110
 -0.090
 -0.065
 -0.040
 -0.025
 -0.015
 -0.020
 -0.035
 -0.055
 -0.080
 -0.105
 -0.125
 -0.140
 -0.140
 -0.135
 -0.120
 -0.100
 -0.080
 -0.060
 -0.050
 -0.050
 -0.060
 -0.075
 -0.100
 -0.120
 -0.135
 -0.145
 -0.145
 -0.135
 -0.120
 -0.095
 -0.075
 -0.060
 -0.045
 -0.045
 -0.045
 -0.050
 -0.060
 -0.070
 -0.075
 -0.080
 -0.085
 -0.085
 -0.085
 -0.085
 -0.080
 -0.080
 -0.075
 -0.070
 -0.065
 -0.060
 -0.055
 -0.055
 -0.060
 -0.060
 -0.065
 -0.065
 -0.065
 -0.060
 -0.055
 -0.045
 -0.030
 -0.015
 0.000
 0.010
 0.020
 0.025
 0.030
 0.030
 0.030
 0.025
 0.020
 0.015
 0.010
 0.000
 -0.010
 -0.020
 -0.030
 -0.045
 -0.055
 -0.065
 -0.075
 -0.075
 -0.075
 -0.075
 -0.070
 -0.070
 -0.065
 -0.065
 -0.070
 -0.080
 -0.090
 -0.100
 -0.110
 -0.115
 -0.110
 -0.105
 -0.090
 -0.075
 -0.060
 -0.055
 -0.055
 -0.065
 -0.085
 -0.115
 -0.150
 -0.180
 -0.205
 -0.220
 -0.215
 -0.195
 -0.155
 -0.100
 -0.030
 0.050
 0.140
 0.235
 0.340
 0.440
 0.540
 0.630
 0.705
 0.760
 0.785
 0.780
 0.740
 0.670
 0.575
 0.465
 0.350
 0.240
 0.145
 0.070
 0.020
 -0.010
 -0.020
 -0.020
 -0.015
 -0.010
 -0.010
 -0.015
 -0.030
 -0.045
 -0.065
 -0.080
 -0.090
 -0.095
 -0.100
 -0.100
 -0.095
 -0.100
 -0.105
 -0.115
 -0.130
 -0.145
 -0.150
 -0.155
 -0.155
 -0.145
 -0.130
 -0.110
 -0.090
 -0.075
 -0.065
 -0.060
 -0.055
 -0.050
 -0.050
 -0.050
 -0.050
 -0.050
 -0.055
 -0.060
 -0.070
 -0.085
 -0.095
 -0.105
 -0.105
 -0.105
 -0.095
 -0.085
 -0.070
 -0.055
 -0.045
 -0.040
 -0.040
 -0.045
 -0.050
 -0.055
 -0.055
 -0.050
 -0.040
 -0.035
 -0.025
 -0.020
 -0.025
 -0.030
 -0.040
 -0.050
 -0.055
 -0.055
 -0.050
 -0.035
 -0.020
 0.000
 0.020
 0.030
 0.035
 0.035
 0.035
 0.030
 0.030
 0.040
 0.055
 0.075
 0.100
 0.125
 0.145
 0.160
 0.165
 0.160
 0.145
 0.125
 0.110
 0.095
 0.090
 0.090
 0.105
 0.120
 0.140
 0.160
 0.180
 0.190
 0.195
 0.200
 0.200
 0.200
 0.200
 0.200
 0.205
 0.210
 0.215
 0.215
 0.210
 0.200
 0.190
 0.180
 0.170
 0.160
 0.155
 0.155
 0.155
 0.155
 0.160
 0.160
 0.155
 0.150
 0.135
 0.120
 0.100
 0.075
 0.050
 0.025
 0.000
 -0.025
 -0.040
 -0.050
 -0.055
 -0.055
 -0.045
 -0.040
 -0.035
 -0.035
 -0.035
 -0.045
 -0.055
 -0.070
 -0.080
 -0.090
 -0.095
 -0.095
 -0.095
 -0.085
 -0.080
 -0.070
 -0.065
 -0.055
 -0.055
 -0.055
 -0.055
 -0.060
 -0.070
 -0.080
 -0.090
 -0.100
 -0.105
 -0.110
 -0.110
 -0.105
 -0.100
 -0.085
 -0.070
 -0.055
 -0.040
 -0.035
 -0.030
 -0.030
 -0.035
 -0.045
 -0.060
 -0.070
 -0.080
 -0.090
 -0.095
 -0.095
 -0.095
 -0.095
 -0.095
 -0.095
 -0.095
 -0.090
 -0.085
 -0.080
 -0.065
 -0.050
 -0.030
 -0.010
 0.000
 0.010
 0.005
 -0.010
 -0.030
 -0.055
 -0.080
 -0.100
 -0.115
 -0.120
 -0.115
 -0.100
 -0.080
 -0.055
 -0.035
 -0.020
 -0.010
 -0.010
 -0.015
 -0.025
 -0.040
 -0.060
 -0.075
 -0.085
 -0.090
 -0.095
 -0.090
 -0.085
 -0.080
 -0.070
 -0.060
 -0.055
 -0.045
 -0.040
 -0.035
 -0.035
 -0.040
 -0.045
 -0.055
 -0.070
 -0.085
 -0.095
 -0.105
 -0.110
 -0.110
 -0.100
 -0.085
 -0.060
 -0.040
 -0.015
 0.000
 0.010
 0.015
 0.005
 -0.010
 -0.035
 -0.060
 -0.080
 -0.100
 -0.110
 -0.115
 -0.115
 -0.110
 -0.100
 -0.085
 -0.075
 -0.060
 -0.055
 -0.045
 -0.040
 -0.035
 -0.030
 -0.030
 -0.025
 -0.015
 -0.005
 0.005
 0.020
 0.030
 0.045
 0.050
 0.055
 0.055
 0.050
 0.040
 0.025
 0.015
 0.005
 -0.005
 -0.005
 -0.005
 -0.005
 0.000
 0.000
 -0.005
 -0.010
 -0.020
 -0.035
 -0.050
 -0.060
 -0.070
 -0.080
 -0.080
 -0.080
 -0.075
 -0.070
 -0.070
 -0.065
 -0.065
 -0.065
 -0.070
 -0.075
 -0.080
 -0.085
 -0.090
 -0.095
 -0.100
 -0.105
 -0.115
 -0.130
 -0.140
 -0.155
 -0.165
 -0.170
 -0.160
 -0.140
 -0.100
 -0.045
 0.025
 0.110
 0.200
 0.305
 0.410
 0.515
 0.615
 0.705
 0.785
 0.840
 0.875
 0.875
 0.845
 0.775
 0.680
 0.565
 0.440
 0.315
 0.205
 0.120
 0.055
 0.020
 0.005
 0.005
 0.005
 0.005
 0.000
 -0.020
 -0.040
 -0.065
 -0.085
 -0.095
 -0.100
 -0.100
 -0.095
 -0.090
 -0.090
 -0.095
 -0.105
 -0.120
 -0.135
 -0.140
 -0.145
 -0.140
 -0.130
 -0.115
 -0.100
 -0.090
 -0.085
 -0.085
 -0.090
 -0.095
 -0.095
 -0.090
 -0.085
 -0.080
 -0.070
 -0.065
 -0.065
 -0.070
 -0.080
 -0.090
 -0.105
 -0.110
 -0.115
 -0.105
 -0.095
 -0.075
 -0.060
 -0.045
 -0.030
 -0.025
 -0.030
 -0.035
 -0.045
 -0.055
 -0.060
 -0.070
 -0.070
 -0.075
 -0.070
 -0.070
 -0.065
 -0.060
 -0.050
 -0.045
 -0.040
 -0.030
 -0.025
 -0.015
 -0.010
 -0.005
 0.005
 0.010
 0.015
 0.020
 0.020
 0.025
 0.025
 0.025
 0.025
 0.020
 0.020
 0.020
 0.025
 0.040
 0.055
 0.080
 0.105
 0.130
 0.155
 0.175
 0.185
 0.185
 0.185
 0.175
 0.165
 0.155
 0.145
 0.145
 0.145
 0.155
 0.165
 0.180
 0.195
 0.205
 0.210
 0.210
 0.205
 0.195
 0.180
 0.170
 0.160
 0.150
 0.145
 0.145
 0.145
 0.150
 0.150
 0.140
 0.130
 0.110
 0.090
 0.065
 0.040
 0.020
 0.005
 0.000
 0.005
 0.010
 0.015
 0.020
 0.015
 0.010
 -0.005
 -0.020
 -0.035
 -0.045
 -0.050
 -0.050
 -0.040
 -0.030
 -0.025
 -0.020
 -0.025
 -0.035
 -0.050
 -0.065
 -0.075
 -0.085
 -0.085
 -0.085
 -0.075
 -0.065
 -0.055
 -0.045
 -0.040
 -0.040
 -0.040
 -0.045
 -0.050
 -0.055
 -0.060
 -0.070
 -0.075
 -0.080
 -0.085
 -0.090
 -0.090
 -0.090
 -0.090
 -0.085
 -0.080
 -0.075
 -0.070
 -0.065
 -0.060
 -0.055
 -0.045
 -0.040
 -0.040
 -0.035
 -0.035
 -0.040
 -0.050
 -0.060
 -0.070
 -0.075
 -0.085
 -0.085
 -0.080
 -0.075
 -0.070
 -0.060
 -0.060
 -0.060
 -0.060
 -0.070
 -0.075
 -0.080
 -0.080
 -0.080
 -0.080
 -0.085
 -0.085
 -0.090
 -0.095
 -0.100
 -0.105
 -0.105
 -0.105
 -0.100
 -0.090
 -0.080
 -0.070
 -0.060
 -0.055
 -0.050
 -0.055
 -0.055
 -0.060
 -0.070
 -0.075
 -0.080
 -0.085
 -0.085
 -0.090
 -0.085
 -0.085
 -0.080
 -0.075
 -0.075
 -0.075
 -0.075
 -0.075
 -0.080
 -0.085
 -0.090
 -0.095
 -0.090
 -0.090
 -0.085
 -0.080
 -0.075
 -0.080
 -0.085
 -0.090
 -0.100
 -0.110
 -0.115
 -0.120
 -0.115
 -0.110
 -0.100
 -0.090
 -0.080
 -0.070
 -0.065
 -0.065
 -0.060
 -0.060
 -0.055
 -0.050
 -0.050
 -0.050
 -0.050
 -0.055
 -0.060
 -0.070
 -0.070
 -0.070
 -0.065
 -0.050
 -0.030
 -0.005
 0.020
 0.040
 0.055
 0.065
 0.065
 0.055
 0.045
 0.030
 0.015
 0.000
 -0.005
 -0.010
 -0.015
 -0.015
 -0.020
 -0.025
 -0.035
 -0.045
 -0.055
 -0.065
 -0.075
 -0.085
 -0.085
 -0.090
 -0.090
 -0.085
 -0.085
 -0.085
 -0.085
 -0.090
 -0.090
 -0.090
 -0.095
 -0.090
 -0.090
 -0.090
 -0.085
 -0.090
 -0.095
 -0.105
 -0.120
 -0.140
 -0.155
 -0.175
 -0.185
 -0.185
 -0.175
 -0.150
 -0.115
 -0.065
 -0.005
 0.070
 0.155
 0.250
 0.350
 0.455
 0.560
 0.665
 0.765
 0.840
 0.895
 0.915
 0.895
 0.840
 0.750
 0.635
 0.500
 0.370
 0.245
 0.140
 0.060
 0.010
 -0.020
 -0.025
 -0.025
 -0.020
 -0.020
 -0.025
 -0.040
 -0.060
 -0.085
 -0.105
 -0.120
 -0.125
 -0.120
 -0.115
 -0.100
 -0.085
 -0.075
 -0.065
 -0.065
 -0.065
 -0.070
 -0.075
 -0.080
 -0.085
 -0.090
 -0.095
 -0.100
 -0.100
 -0.100
 -0.100
 -0.105
 -0.105
 -0.105
 -0.105
 -0.105
 -0.105
 -0.105
 -0.100
 -0.095
 -0.090
 -0.080
 -0.070
 -0.065
 -0.055
 -0.055
 -0.055
 -0.060
 -0.070
 -0.080
 -0.090
 -0.100
 -0.105
 -0.105
 -0.095
 -0.085
 -0.075
 -0.060
 -0.045
 -0.035
 -0.030
 -0.030
 -0.030
 -0.035
 -0.040
 -0.045
 -0.050
 -0.055
 -0.050
 -0.045
 -0.040
 -0.025
 -0.010
 0.010
 0.025
 0.035
 0.045
 0.045
 0.045
 0.040
 0.035
 0.030
 0.035
 0.035
 0.045
 0.055
 0.065
 0.075
 0.085
 0.090
 0.090
 0.095
 0.100
 0.110
 0.120
 0.135
 0.155
 0.175
 0.190
 0.210
 0.225
 0.235
 0.240
 0.240
 0.235
 0.220
 0.205
 0.185
 0.165
 0.150
 0.135
 0.130
 0.130
 0.140
 0.150
 0.165
 0.180
 0.185
 0.185
 0.180
 0.160
 0.140
 0.110
 0.085
 0.060
 0.040
 0.015
 0.000
 -0.015
 -0.025
 -0.035
 -0.040
 -0.035
 -0.030
 -0.015
 -0.005
 0.005
 0.005
 0.000
 -0.010
 -0.030
 -0.050
 -0.065
 -0.075
 -0.070
 -0.060
 -0.040
 -0.020
 -0.005
 0.000
 -0.005
 -0.020
 -0.040
 -0.065
 -0.090
 -0.105
 -0.110
 -0.105
 -0.090
 -0.075
 -0.065
 -0.055
 -0.055
 -0.060
 -0.070
 -0.080
 -0.080
 -0.080
 -0.065
 -0.050
 -0.030
 -0.010
 0.000
 0.005
 0.000
 -0.015
 -0.040
 -0.060
 -0.080
 -0.095
 -0.105
 -0.105
 -0.100
 -0.095
 -0.085
 -0.075
 -0.070
 -0.060
 -0.055
 -0.045
 -0.030
 -0.020
 -0.010
 -0.005
 -0.010
 -0.015
 -0.035
 -0.055
 -0.080
 -0.100
 -0.115
 -0.120
 -0.115
 -0.105
 -0.090
 -0.075
 -0.060
 -0.055
 -0.050
 -0.050
 -0.055
 -0.055
 -0.060
 -0.055
 -0.055
 -0.050
 -0.055
 -0.060
 -0.065
 -0.080
 -0.090
 -0.095
 -0.095
 -0.090
 -0.075
 -0.060
 -0.045
 -0.030
 -0.030
 -0.035
 -0.045
 -0.065
 -0.080
 -0.095
 -0.100
 -0.095
 -0.080
 -0.060
 -0.040
 -0.025
 -0.015
 -0.015
 -0.025
 -0.045
 -0.070
 -0.090
 -0.115
 -0.125
 -0.130
 -0.130
 -0.120
 -0.110
 -0.095
 -0.085
 -0.075
 -0.070
 -0.065
 -0.060
 -0.055
 -0.055
 -0.050
 -0.045
 -0.040
 -0.040
 -0.045
 -0.050
 -0.060
 -0.075
 -0.085
 -0.090
 -0.095
 -0.090
 -0.080
 -0.065
 -0.045
 -0.030
 -0.015
 -0.005
 -0.005
 -0.005
 -0.015
 -0.020
 -0.030
 -0.030
 -0.030
 -0.020
 -0.005
 0.010
 0.030
 0.045
 0.055
 0.055
 0.055
 0.045
 0.035
 0.020
 0.010
 0.000
 -0.005
 -0.005
 -0.005
 0.000
 0.005
 0.005
 0.005
 -0.005
 -0.015
 -0.030
 -0.045
 -0.060
 -0.080
 -0.095
 -0.105
 -0.110
 -0.115
 -0.110
 -0.105
 -0.095
 -0.085
 -0.080
 -0.075
 -0.075
 -0.085
 -0.100
 -0.120
 -0.145
 -0.170
 -0.190
 -0.205
 -0.205
 -0.195
 -0.175
 -0.145
 -0.100
 -0.050
 0.010
 0.085
 0.165
 0.255
 0.355
 0.465
 0.575
 0.680
 0.775
 0.845
 0.890
 0.905
 0.880
 0.820
 0.730
 0.620
 0.495
 0.375
 0.260
 0.165
 0.090
 0.040
 0.015
 0.000
 0.005
 0.010
 0.010
 0.005
 -0.005
 -0.025
 -0.055
 -0.085
 -0.115
 -0.135
 -0.145
 -0.145
 -0.135
 -0.120
 -0.100
 -0.080
 -0.065
 -0.055
 -0.055
 -0.060
 -0.065
 -0.075
 -0.085
 -0.090
 -0.090
 -0.095
 -0.100
 -0.100
 -0.105
 -0.110
 -0.110
 -0.110
 -0.100
 -0.090
 -0.075
 -0.060
 -0.045
 -0.040
 -0.035
 -0.040
 -0.055
 -0.070
 -0.085
 -0.100
 -0.110
 -0.115
 -0.115
 -0.110
 -0.105
 -0.095
 -0.090
 -0.085
 -0.075
 -0.070
 -0.060
 -0.050
 -0.035
 -0.025
 -0.015
 -0.010
 -0.010
 -0.010
 -0.015
 -0.025
 -0.030
 -0.035
 -0.040
 -0.035
 -0.025
 -0.010
 0.005
 0.025
 0.045
 0.060
 0.070
 0.075
 0.075
 0.070
 0.060
 0.055
 0.050
 0.045
 0.050
 0.060
 0.075
 0.090
 0.110
 0.130
 0.150
 0.160
 0.170
 0.175
 0.175
 0.175
 0.175
 0.170
 0.165
 0.160
 0.160
 0.155
 0.155
 0.160
 0.165
 0.175
 0.190
 0.205
 0.220
 0.230
 0.235
 0.235
 0.230
 0.215
 0.200
 0.185
 0.165
 0.155
 0.140
 0.130
 0.120
 0.115
 0.100
 0.090
 0.075
 0.060
 0.045
 0.035
 0.025
 0.015
 0.005
 0.000
 -0.005
 -0.010
 -0.015
 -0.020
 -0.025
 -0.030
 -0.035
 -0.040
 -0.045
 -0.050
 -0.055
 -0.065
 -0.075
 -0.080
 -0.085
 -0.090
 -0.085
 -0.080
 -0.065
 -0.050
 -0.040
 -0.025
 -0.015
 -0.010
 -0.015
 -0.020
 -0.030
 -0.045
 -0.060
 -0.070
 -0.080
 -0.090
 -0.090
 -0.090
 -0.085
 -0.075
 -0.065
 -0.055
 -0.045
 -0.045
 -0.040
 -0.045
 -0.050
 -0.060
 -0.065
 -0.075
 -0.080
 -0.085
 -0.085
 -0.090
 -0.090
 -0.085
 -0.085
 -0.080
 -0.070
 -0.065
 -0.060
 -0.050
 -0.050
 -0.045
 -0.050
 -0.055
 -0.060
 -0.070
 -0.075
 -0.080
 -0.085
 -0.085
 -0.080
 -0.075
 -0.070
 -0.065
 -0.065
 -0.060
 -0.065
 -0.065
 -0.070
 -0.075
 -0.080
 -0.080
 -0.080
 -0.075
 -0.070
 -0.065
 -0.060
 -0.050
 -0.045
 -0.045
 -0.045
 -0.050
 -0.060
 -0.070
 -0.075
 -0.085
 -0.090
 -0.090
 -0.090
 -0.090
 -0.085
 -0.085
 -0.085
 -0.085
 -0.085
 -0.090
 -0.090
 -0.090
 -0.090
 -0.090
 -0.085
 -0.080
 -0.080
 -0.075
 -0.075
 -0.075
 -0.075
 -0.075
 -0.070
 -0.070
 -0.070
 -0.070
 -0.070
 -0.075
 -0.085
 -0.090
 -0.100
 -0.105
 -0.100
 -0.095
 -0.090
 -0.080
 -0.070
 -0.065
 -0.060
 -0.065
 -0.070
 -0.080
 -0.085
 -0.085
 -0.085
 -0.080
 -0.070
 -0.065
 -0.060
 -0.055
 -0.055
 -0.055
 -0.055
 -0.050
 -0.045
 -0.030
 -0.015
 0.005
 0.020
 0.030
 0.040
 0.045
 0.045
 0.045
 0.040
 0.040
 0.035
 0.030
 0.020
 0.010
 -0.005
 -0.020
 -0.035
 -0.045
 -0.060
 -0.065
 -0.070
 -0.075
 -0.075
 -0.080
 -0.085
 -0.090
 -0.095
 -0.100
 -0.105
 -0.105
 -0.100
 -0.095
 -0.085
 -0.075
 -0.070
 -0.065
 -0.065
 -0.070
 -0.075
 -0.085
 -0.095
 -0.110
 -0.130
 -0.145
 -0.165
 -0.180
 -0.190
 -0.190
 -0.180
 -0.155
 -0.115
 -0.055
 0.010
 0.090
 0.180
 0.275
 0.370
 0.470
 0.560
 0.645
 0.720
 0.770
 0.795
 0.790
 0.750
 0.680
 0.585
 0.470
 0.350
 0.240
 0.140
 0.070
 0.025
 0.005
 0.000
 0.010
 0.015
 0.015
 0.000
 -0.020
 -0.055
 -0.090
 -0.120
 -0.140
 -0.145
 -0.135
 -0.115
 -0.095
 -0.075
 -0.070
 -0.070
 -0.085
 -0.105
 -0.130
 -0.145
 -0.150
 -0.145
 -0.125
 -0.095
 -0.070
 -0.045
 -0.035
 -0.035
 -0.045
 -0.065
 -0.090
 -0.105
 -0.115
 -0.115
 -0.105
 -0.095
 -0.080
 -0.070
 -0.065
 -0.060
 -0.060
 -0.065
 -0.065
 -0.060
 -0.055
 -0.050
 -0.045
 -0.045
 -0.050
 -0.060
 -0.070
 -0.080
 -0.085
 -0.085
 -0.070
 -0.055
 -0.030
 -0.010
 0.005
 0.015
 0.015
 0.010
 0.005
 -0.005
 -0.010
 -0.015
 -0.010
 0.000
 0.010
 0.020
 0.025
 0.030
 0.030
 0.035
 0.035
 0.040
 0.045
 0.055
 0.070
 0.085
 0.095
 0.110
 0.115
 0.120
 0.115
 0.115
 0.110
 0.110
 0.115
 0.120
 0.135
 0.155
 0.175
 0.195
 0.215
 0.225
 0.230
 0.225
 0.215
 0.205
 0.195
 0.190
 0.190
 0.200
 0.215
 0.230
 0.240
 0.245
 0.245
 0.230
 0.210
 0.190
 0.165
 0.150
 0.145
 0.145
 0.150
 0.160
 0.165
 0.160
 0.145
 0.120
 0.090
 0.055
 0.030
 0.005
 -0.010
 -0.010
 -0.010
 0.000
 0.005
 0.010
 0.010
 0.000
 -0.010
 -0.020
 -0.035
 -0.040
 -0.050
 -0.050
 -0.055
 -0.055
 -0.065
 -0.070
 -0.080
 -0.090
 -0.100
 -0.100
 -0.100
 -0.090
 -0.080
 -0.065
 -0.050
 -0.040
 -0.035
 -0.035
 -0.035
 -0.040
 -0.050
 -0.060
 -0.070
 -0.080
 -0.085
 -0.090
 -0.095
 -0.100
 -0.100
 -0.100
 -0.095
 -0.085
 -0.075
 -0.065
 -0.055
 -0.050
 -0.045
 -0.045
 -0.050
 -0.055
 -0.065
 -0.075
 -0.080
 -0.085
 -0.080
 -0.075
 -0.070
 -0.060
 -0.055
 -0.050
 -0.055
 -0.055
 -0.065
 -0.070
 -0.070
 -0.070
 -0.065
 -0.055
 -0.045
 -0.040
 -0.035
 -0.035
 -0.040
 -0.055
 -0.065
 -0.080
 -0.095
 -0.100
 -0.095
 -0.090
 -0.075
 -0.060
 -0.045
 -0.035
 -0.035
 -0.035
 -0.045
 -0.055
 -0.070
 -0.085
 -0.095
 -0.100
 -0.100
 -0.095
 -0.090
 -0.080
 -0.075
 -0.070
 -0.065
 -0.065
 -0.060
 -0.060
 -0.050
 -0.040
 -0.030
 -0.025
 -0.015
 -0.015
 -0.020
 -0.035
 -0.055
 -0.075
 -0.090
 -0.105
 -0.110
 -0.115
 -0.105
 -0.100
 -0.085
 -0.080
 -0.075
 -0.070
 -0.070
 -0.070
 -0.065
 -0.060
 -0.055
 -0.050
 -0.045
 -0.045
 -0.050
 -0.060
 -0.080
 -0.095
 -0.110
 -0.120
 -0.115
 -0.110
 -0.090
 -0.070
 -0.050
 -0.030
 -0.010
 0.000
 0.010
 0.020
 0.030
 0.040
 0.055
 0.070
 0.080
 0.080
 0.080
 0.065
 0.045
 0.020
 -0.005
 -0.025
 -0.040
 -0.050
 -0.050
 -0.045
 -0.040
 -0.030
 -0.030
 -0.035
 -0.045
 -0.055
 -0.070
 -0.085
 -0.095
 -0.100
 -0.100
 -0.100
 -0.095
 -0.085
 -0.080
 -0.075
 -0.070
 -0.065
 -0.065
 -0.065
 -0.070
 -0.075
 -0.085
 -0.100
 -0.115
 -0.135
 -0.155
 -0.165
 -0.170
 -0.165
 -0.150
 -0.115
 -0.065
 -0.005
 0.070
 0.155
 0.245
 0.340
 0.440
 0.530
 0.620
 0.695
 0.755
 0.790
 0.800
 0.780
 0.730
 0.650
 0.550
 0.440
 0.325
 0.220
 0.130
 0.060
 0.010
 -0.015
 -0.020
 -0.015
 -0.005
 0.005
 0.010
 0.010
 0.000
 -0.015
 -0.035
 -0.055
 -0.075
 -0.085
 -0.095
 -0.100
 -0.095
 -0.090
 -0.085
 -0.080
 -0.080
 -0.080
 -0.080
 -0.090
 -0.095
 -0.105
 -0.110
 -0.115
 -0.120
 -0.125
 -0.125
 -0.125
 -0.120
 -0.115
 -0.105
 -0.090
 -0.075
 -0.060
 -0.050
 -0.040
 -0.035
 -0.035
 -0.045
 -0.055
 -0.065
 -0.075
 -0.085
 -0.085
 -0.085
 -0.080
 -0.070
 -0.065
 -0.060
 -0.050
 -0.050
 -0.045
 -0.040
 -0.035
 -0.030
 -0.020
 -0.015
 -0.010
 -0.015
 -0.015
 -0.025
 -0.040
 -0.050
 -0.060
 -0.065
 -0.065
 -0.055
 -0.040
 -0.025
 -0.010
 0.005
 0.020
 0.025
 0.025
 0.020
 0.020
 0.020
 0.020
 0.030
 0.045
 0.060
 0.075
 0.090
 0.105
 0.115
 0.120
 0.125
 0.130
 0.135
 0.135
 0.140
 0.145
 0.150
 0.160
 0.165
 0.175
 0.180
 0.190
 0.200
 0.205
 0.210
 0.210
 0.205
 0.200
 0.190
 0.185
 0.175
 0.170
 0.170
 0.170
 0.175
 0.180
 0.180
 0.175
 0.160
 0.145
 0.125
 0.105
 0.080
 0.060
 0.045
 0.030
 0.020
 0.010
 0.005
 0.000
 -0.005
 -0.010
 -0.015
 -0.015
 -0.020
 -0.020
 -0.020
 -0.025
 -0.030
 -0.035
 -0.045
 -0.055
 -0.065
 -0.075
 -0.085
 -0.090
 -0.095
 -0.095
 -0.095
 -0.090
 -0.085
 -0.080
 -0.075
 -0.070
 -0.065
 -0.060
 -0.060
 -0.055
 -0.055
 -0.060
 -0.065
 -0.070
 -0.075
 -0.080
 -0.085
 -0.090
 -0.095
 -0.095
 -0.090
 -0.085
 -0.075
 -0.060
 -0.050
 -0.040
 -0.030
 -0.030
 -0.040
 -0.050
 -0.070
 -0.085
 -0.105
 -0.110
 -0.115
 -0.110
 -0.100
 -0.085
 -0.070
 -0.060
 -0.055
 -0.055
 -0.060
 -0.070
 -0.080
 -0.085
 -0.090
 -0.090
 -0.085
 -0.080
 -0.075
 -0.075
 -0.075
 -0.075
 -0.075
 -0.075
 -0.075
 -0.070
 -0.065
 -0.055
 -0.050
 -0.045
 -0.045
 -0.050
 -0.060
 -0.075
 -0.090
 -0.100
 -0.110
 -0.115
 -0.115
 -0.105
 -0.095
 -0.080
 -0.065
 -0.055
 -0.045
 -0.045
 -0.050
 -0.060
 -0.075
 -0.085
 -0.100
 -0.105
 -0.105
 -0.100
 -0.090
 -0.075
 -0.065
 -0.050
 -0.045
 -0.045
 -0.050
 -0.060
 -0.070
 -0.075
 -0.085
 -0.085
 -0.090
 -0.085
 -0.085
 -0.080
 -0.080
 -0.075
 -0.070
 -0.070
 -0.065
 -0.065
 -0.065
 -0.060
 -0.065
 -0.065
 -0.065
 -0.065
 -0.065
 -0.060
 -0.055
 -0.045
 -0.035
 -0.030
 -0.020
 -0.015
 -0.005
 0.000
 0.010
 0.020
 0.030
 0.045
 0.055
 0.055
 0.055
 0.040
 0.025
 0.000
 -0.025
 -0.040
 -0.055
 -0.055
 -0.045
 -0.030
 -0.015
 -0.005
 0.000
 -0.010
 -0.025
 -0.050
 -0.075
 -0.100
 -0.115
 -0.115
 -0.110
 -0.100
 -0.085
 -0.070
 -0.065
 -0.060
 -0.065
 -0.075
 -0.085
 -0.090
 -0.095
 -0.095
 -0.090
 -0.090
 -0.095
 -0.105
 -0.120
 -0.145
 -0.170
 -0.190
 -0.200
 -0.200
 -0.175
 -0.130
 -0.070
 0.015
 0.105
 0.205
 0.315
 0.425
 0.530
 0.635
 0.735
 0.820
 0.885
 0.920
 0.925
 0.895
 0.825
 0.720
 0.590
 0.455
 0.320
 0.205
 0.120
 0.065
 0.040
 0.040
 0.055
 0.065
 0.070
 0.055
 0.025
 -0.020
 -0.070
 -0.115
 -0.150
 -0.165
 -0.165
 -0.150
 -0.125
 -0.100
 -0.075
 -0.055
 -0.050
 -0.055
 -0.065
 -0.080
 -0.095
 -0.115
 -0.130
 -0.140
 -0.145
 -0.145
 -0.135
 -0.125
 -0.110
 -0.090
 -0.075
 -0.060
 -0.050
 -0.050
 -0.055
 -0.065
 -0.080
 -0.095
 -0.100
 -0.105
 -0.100
 -0.090
 -0.075
 -0.060
 -0.045
 -0.040
 -0.040
 -0.045
 -0.050
 -0.065
 -0.075
 -0.080
 -0.080
 -0.070
 -0.060
 -0.040
 -0.020
 -0.005
 0.010
 0.015
 0.010
 0.000
 -0.020
 -0.040
 -0.055
 -0.065
 -0.065
 -0.055
 -0.035
 -0.010
 0.020
 0.045
 0.065
 0.075
 0.075
 0.070
 0.055
 0.045
 0.035
 0.030
 0.030
 0.040
 0.050
 0.065
 0.085
 0.100
 0.115
 0.130
 0.140
 0.155
 0.170
 0.180
 0.185
 0.190
 0.190
 0.185
 0.175
 0.170
 0.165
 0.165
 0.170
 0.180
 0.195
 0.210
 0.220
 0.225
 0.225
 0.220
 0.205
 0.190
 0.175
 0.160
 0.150
 0.145
 0.145
 0.145
 0.150
 0.150
 0.145
 0.140
 0.135
 0.125
 0.110
 0.100
 0.085
 0.070
 0.055
 0.040
 0.020
 0.005
 -0.010
 -0.020
 -0.030
 -0.035
 -0.035
 -0.030
 -0.030
 -0.025
 -0.025
 -0.030
 -0.035
 -0.040
 -0.050
 -0.055
 -0.060
 -0.065
 -0.065
 -0.060
 -0.055
 -0.055
 -0.050
 -0.055
 -0.055
 -0.065
 -0.070
 -0.070
 -0.075
 -0.070
 -0.065
 -0.060
 -0.050
 -0.040
 -0.030
 -0.025
 -0.020
 -0.015
 -0.020
 -0.025
 -0.030
 -0.040
 -0.050
 -0.060
 -0.070
 -0.080
 -0.090
 -0.090
 -0.090
 -0.080
 -0.070
 -0.050
 -0.035
 -0.020
 -0.010
 -0.005
 -0.010
 -0.020
 -0.035
 -0.050
 -0.060
 -0.065
 -0.065
 -0.060
 -0.045
 -0.030
 -0.020
 -0.015
 -0.020
 -0.030
 -0.050
 -0.070
 -0.090
 -0.100
 -0.105
 -0.100
 -0.085
 -0.070
 -0.055
 -0.040
 -0.035
 -0.035
 -0.045
 -0.055
 -0.070
 -0.080
 -0.090
 -0.095
 -0.090
 -0.085
 -0.080
 -0.075
 -0.070
 -0.065
 -0.060
 -0.060
 -0.060
 -0.060
 -0.060
 -0.060
 -0.065
 -0.065
 -0.070
 -0.070
 -0.065
 -0.065
 -0.060
 -0.050
 -0.045
 -0.040
 -0.045
 -0.050
 -0.065
 -0.080
 -0.095
 -0.105
 -0.115
 -0.115
 -0.110
 -0.100
 -0.085
 -0.070
 -0.060
 -0.050
 -0.050
 -0.050
 -0.055
 -0.065
 -0.070
 -0.080
 -0.085
 -0.090
 -0.095
 -0.095
 -0.090
 -0.080
 -0.060
 -0.030
 0.000
 0.030
 0.060
 0.080
 0.090
 0.085
 0.070
 0.055
 0.030
 0.015
 0.005
 0.000
 0.005
 0.010
 0.015
 0.015
 0.000
 -0.020
 -0.050
 -0.080
 -0.110
 -0.135
 -0.145
 -0.145
 -0.130
 -0.115
 -0.090
 -0.075
 -0.065
 -0.060
 -0.070
 -0.080
 -0.095
 -0.105
 -0.110
 -0.110
 -0.100
 -0.090
 -0.080
 -0.070
 -0.070
 -0.080
 -0.100
 -0.125
 -0.155
 -0.180
 -0.190
 -0.190
 -0.165
 -0.125
 -0.065
 0.005
 0.090
 0.180
 0.270
 0.365
 0.460
 0.555
 0.645
 0.725
 0.795
 0.845
 0.865
 0.855
 0.810
 0.730
 0.630
 0.510
 0.385
 0.265
 0.160
 0.080
 0.025
 -0.005
 -0.020
 -0.025
 -0.020
 -0.020
 -0.025
 -0.035
 -0.050
 -0.065
 -0.085
 -0.100
 -0.115
 -0.125
 -0.130
 -0.130
 -0.125
 -0.115
 -0.105
 -0.095
 -0.085
 -0.080
 -0.085
 -0.095
 -0.110
 -0.125
 -0.140
 -0.155
 -0.165
 -0.165
 -0.160
 -0.150
 -0.135
 -0.120
 -0.105
 -0.095
 -0.090
 -0.090
 -0.090
 -0.100
 -0.105
 -0.115
 -0.120
 -0.125
 -0.120
 -0.115
 -0.105
 -0.095
 -0.085
 -0.075
 -0.065
 -0.065
 -0.070
 -0.075
 -0.085
 -0.095
 -0.100
 -0.100
 -0.090
 -0.075
 -0.055
 -0.040
 -0.025
 -0.020
 -0.020
 -0.030
 -0.040
 -0.055
 -0.065
 -0.070
 -0.070
 -0.060
 -0.050
 -0.035
 -0.020
 -0.010
 0.005
 0.010
 0.020
 0.025
 0.030
 0.035
 0.040
 0.040
 0.045
 0.045
 0.045
 0.045
 0.050
 0.060
 0.075
 0.095
 0.115
 0.140
 0.165
 0.180
 0.190
 0.195
 0.190
 0.180
 0.165
 0.155
 0.145
 0.140
 0.135
 0.140
 0.145
 0.155
 0.160
 0.165
 0.170
 0.175
 0.180
 0.180
 0.180
 0.175
 0.170
 0.160
 0.145
 0.125
 0.105
 0.085
 0.065
 0.055
 0.045
 0.040
 0.040
 0.035
 0.030
 0.020
 0.000
 -0.020
 -0.040
 -0.060
 -0.075
 -0.080
 -0.075
 -0.070
 -0.060
 -0.045
 -0.040
 -0.040
 -0.040
 -0.050
 -0.060
 -0.065
 -0.070
 -0.075
 -0.075
 -0.080
 -0.085
 -0.090
 -0.100
 -0.105
 -0.110
 -0.105
 -0.095
 -0.080
 -0.060
 -0.040
 -0.025
 -0.020
 -0.025
 -0.040
 -0.055
 -0.075
 -0.085
 -0.090
 -0.085
 -0.070
 -0.055
 -0.040
 -0.035
 -0.030
 -0.035
 -0.050
 -0.065
 -0.075
 -0.085
 -0.090
 -0.095
 -0.090
 -0.085
 -0.085
 -0.080
 -0.075
 -0.075
 -0.070
 -0.065
 -0.060
 -0.050
 -0.045
 -0.045
 -0.050
 -0.060
 -0.075
 -0.090
 -0.100
 -0.110
 -0.115
 -0.115
 -0.110
 -0.100
 -0.090
 -0.080
 -0.075
 -0.080
 -0.080
 -0.085
 -0.090
 -0.090
 -0.085
 -0.080
 -0.065
 -0.055
 -0.045
 -0.035
 -0.035
 -0.040
 -0.055
 -0.070
 -0.090
 -0.105
 -0.115
 -0.125
 -0.120
 -0.115
 -0.105
 -0.090
 -0.075
 -0.065
 -0.055
 -0.050
 -0.050
 -0.050
 -0.050
 -0.055
 -0.060
 -0.065
 -0.075
 -0.085
 -0.095
 -0.100
 -0.100
 -0.100
 -0.090
 -0.085
 -0.075
 -0.070
 -0.070
 -0.080
 -0.090
 -0.105
 -0.115
 -0.120
 -0.115
 -0.110
 -0.095
 -0.075
 -0.060
 -0.050
 -0.045
 -0.045
 -0.050
 -0.055
 -0.060
 -0.055
 -0.045
 -0.030
 -0.015
 0.000
 0.010
 0.015
 0.015
 0.010
 0.005
 0.005
 0.005
 0.015
 0.030
 0.040
 0.050
 0.055
 0.045
 0.030
 0.010
 -0.015
 -0.040
 -0.060
 -0.075
 -0.085
 -0.085
 -0.085
 -0.080
 -0.080
 -0.080
 -0.085
 -0.085
 -0.090
 -0.095
 -0.095
 -0.090
 -0.090
 -0.085
 -0.080
 -0.075
 -0.075
 -0.075
 -0.080
 -0.090
 -0.105
 -0.115
 -0.130
 -0.145
 -0.155
 -0.165
 -0.175
 -0.175
 -0.170
 -0.160
 -0.145
 -0.110
 -0.070
 -0.010
 0.070
 0.160
 0.265
 0.380
 0.500
 0.615
 0.715
 0.800
 0.855
 0.880
 0.870
 0.830
 0.755
 0.660
 0.555
 0.440
 0.330
 0.230
 0.150
 0.085
 0.045
 0.020
 0.005
 -0.005
 -0.015
 -0.025
 -0.040
 -0.060
 -0.085
 -0.105
 -0.125
 -0.135
 -0.140
 -0.140
 -0.130
 -0.120
 -0.110
 -0.105
 -0.105
 -0.105
 -0.105
 -0.110
 -0.115
 -0.115
 -0.115
 -0.115
 -0.110
 -0.105
 -0.105
 -0.100
 -0.100
 -0.100
 -0.100
 -0.100
 -0.100
 -0.100
 -0.100
 -0.095
 -0.100
 -0.100
 -0.105
 -0.110
 -0.115
 -0.120
 -0.115
 -0.110
 -0.100
 -0.090
 -0.075
 -0.065
 -0.060
 -0.055
 -0.060
 -0.065
 -0.070
 -0.075
 -0.075
 -0.075
 -0.065
 -0.055
 -0.045
 -0.040
 -0.030
 -0.030
 -0.035
 -0.040
 -0.040
 -0.040
 -0.035
 -0.025
 -0.010
 0.010
 0.025
 0.040
 0.050
 0.050
 0.045
 0.040
 0.030
 0.025
 0.025
 0.030
 0.040
 0.055
 0.070
 0.085
 0.095
 0.105
 0.105
 0.110
 0.110
 0.115
 0.125
 0.135
 0.145
 0.150
 0.155
 0.155
 0.155
 0.155
 0.155
 0.155
 0.160
 0.170
 0.180
 0.190
 0.195
 0.195
 0.190
 0.180
 0.170
 0.155
 0.150
 0.150
 0.160
 0.170
 0.185
 0.195
 0.205
 0.200
 0.185
 0.160
 0.130
 0.095
 0.065
 0.035
 0.015
 0.000
 -0.005
 -0.005
 0.000
 0.000
 -0.005
 -0.010
 -0.015
 -0.025
 -0.035
 -0.045
 -0.055
 -0.060
 -0.060
 -0.060
 -0.065
 -0.065
 -0.065
 -0.070
 -0.070
 -0.070
 -0.070
 -0.065
 -0.055
 -0.050
 -0.040
 -0.035
 -0.030
 -0.030
 -0.030
 -0.035
 -0.040
 -0.045
 -0.050
 -0.060
 -0.065
 -0.075
 -0.080
 -0.090
 -0.095
 -0.100
 -0.095
 -0.090
 -0.085
 -0.070
 -0.060
 -0.055
 -0.050
 -0.050
 -0.055
 -0.065
 -0.070
 -0.080
 -0.085
 -0.080
 -0.075
 -0.065
 -0.055
 -0.045
 -0.040
 -0.040
 -0.040
 -0.045
 -0.055
 -0.070
 -0.080
 -0.085
 -0.090
 -0.090
 -0.090
 -0.085
 -0.075
 -0.065
 -0.055
 -0.050
 -0.045
 -0.040
 -0.040
 -0.045
 -0.055
 -0.060
 -0.065
 -0.070
 -0.070
 -0.070
 -0.070
 -0.065
 -0.060
 -0.060
 -0.065
 -0.070
 -0.075
 -0.080
 -0.085
 -0.085
 -0.085
 -0.085
 -0.080
 -0.070
 -0.060
 -0.055
 -0.050
 -0.045
 -0.050
 -0.050
 -0.060
 -0.070
 -0.080
 -0.085
 -0.090
 -0.090
 -0.085
 -0.075
 -0.065
 -0.055
 -0.050
 -0.045
 -0.050
 -0.055
 -0.065
 -0.075
 -0.080
 -0.080
 -0.075
 -0.065
 -0.055
 -0.040
 -0.030
 -0.020
 -0.020
 -0.015
 -0.015
 -0.015
 -0.015
 -0.015
 -0.010
 0.000
 0.005
 0.010
 0.015
 0.025
 0.030
 0.035
 0.040
 0.040
 0.040
 0.030
 0.020
 0.005
 -0.015
 -0.030
 -0.045
 -0.050
 -0.045
 -0.040
 -0.025
 -0.010
 -0.005
 -0.005
 -0.010
 -0.025
 -0.050
 -0.070
 -0.090
 -0.105
 -0.110
 -0.110
 -0.105
 -0.095
 -0.085
 -0.075
 -0.065
 -0.060
 -0.060
 -0.055
 -0.060
 -0.065
 -0.075
 -0.095
 -0.120
 -0.145
 -0.175
 -0.195
 -0.200
 -0.190
 -0.160
 -0.110
 -0.040
 0.045
 0.135
 0.235
 0.335
 0.430
 0.520
 0.600
 0.675
 0.735
 0.780
 0.800
 0.790
 0.755
 0.690
 0.600
 0.495
 0.380
 0.270
 0.170
 0.090
 0.030
 -0.005
 -0.025
 -0.030
 -0.025
 -0.020
 -0.015
 -0.020
 -0.025
 -0.035
 -0.050
 -0.070
 -0.085
 -0.095
 -0.105
 -0.110
 -0.110
 -0.100
 -0.090
 -0.080
 -0.065
 -0.055
 -0.045
 -0.045
 -0.045
 -0.055
 -0.065
 -0.080
 -0.090
 -0.100
 -0.105
 -0.105
 -0.100
 -0.085
 -0.075
 -0.060
 -0.050
 -0.045
 -0.040
 -0.045
 -0.050
 -0.060
 -0.065
 -0.070
 -0.070
 -0.070
 -0.060
 -0.055
 -0.050
 -0.050
 -0.055
 -0.065
 -0.070
 -0.075
 -0.075
 -0.065
 -0.045
 -0.020
 0.010
 0.035
 0.050
 0.055
 0.050
 0.030
 0.010
 -0.015
 -0.035
 -0.040
 -0.040
 -0.025
 -0.005
 0.015
 0.035
 0.045
 0.055
 0.055
 0.055
 0.050
 0.050
 0.055
 0.060
 0.070
 0.080
 0.095
 0.105
 0.110
 0.120
 0.130
 0.140
 0.150
 0.165
 0.175
 0.185
 0.190
 0.190
 0.185
 0.180
 0.175
 0.170
 0.170
 0.175
 0.185
 0.200
 0.220
 0.235
 0.250
 0.260
 0.265
 0.260
 0.255
 0.240
 0.220
 0.205
 0.185
 0.170
 0.155
 0.150
 0.150
 0.150
 0.155
 0.160
 0.160
 0.160
 0.145
 0.130
 0.105
 0.080
 0.055
 0.035
 0.020
 0.015
 0.010
 0.010
 0.010
 0.010
 0.005
 -0.005
 -0.020
 -0.030
 -0.040
 -0.045
 -0.045
 -0.045
 -0.040
 -0.035
 -0.030
 -0.035
 -0.040
 -0.050
 -0.060
 -0.065
 -0.065
 -0.060
 -0.050
 -0.040
 -0.035
 -0.030
 -0.035
 -0.050
 -0.070
 -0.090
 -0.105
 -0.110
 -0.110
 -0.100
 -0.080
 -0.060
 -0.035
 -0.020
 -0.010
 -0.010
 -0.015
 -0.025
 -0.030
 -0.040
 -0.045
 -0.050
 -0.055
 -0.060
 -0.060
 -0.065
 -0.065
 -0.065
 -0.060
 -0.050
 -0.035
 -0.015
 0.000
 0.015
 0.020
 0.020
 0.015
 0.000
 -0.015
 -0.035
 -0.050
 -0.065
 -0.070
 -0.070
 -0.060
 -0.050
 -0.035
 -0.025
 -0.015
 -0.010
 -0.010
 -0.020
 -0.040
 -0.060
 -0.075
 -0.090
 -0.095
 -0.095
 -0.080
 -0.055
 -0.035
 -0.015
 0.000
 0.000
 -0.005
 -0.020
 -0.040
 -0.060
 -0.070
 -0.070
 -0.065
 -0.055
 -0.040
 -0.030
 -0.020
 -0.020
 -0.025
 -0.030
 -0.030
 -0.030
 -0.025
 -0.010
 0.000
 0.010
 0.015
 0.005
 -0.010
 -0.035
 -0.065
 -0.090
 -0.105
 -0.105
 -0.100
 -0.080
 -0.055
 -0.035
 -0.015
 -0.005
 -0.005
 -0.010
 -0.015
 -0.025
 -0.035
 -0.035
 -0.030
 -0.025
 -0.010
 0.000
 0.015
 0.025
 0.035
 0.045
 0.050
 0.060
 0.070
 0.075
 0.080
 0.080
 0.075
 0.065
 0.050
 0.030
 0.010
 -0.010
 -0.030
 -0.045
 -0.055
 -0.065
 -0.065
 -0.065
 -0.055
 -0.045
 -0.030
 -0.015
 -0.005
 0.000
 0.000
 -0.010
 -0.030
 -0.055
 -0.080
 -0.100
 -0.115
 -0.120
 -0.110
 -0.095
 -0.075
 -0.060
 -0.050
 -0.055
 -0.070
 -0.095
 -0.120
 -0.135
 -0.140
 -0.125
 -0.085
 -0.025
 0.055
 0.145
 0.240
 0.335
 0.430
 0.525
 0.615
 0.700
 0.775
 0.835
 0.875
 0.880
 0.850
 0.785
 0.680
 0.555
 0.415
 0.285
 0.175
 0.095
 0.050
 0.030
 0.035
 0.050
 0.060
 0.060
 0.050
 0.025
 -0.010
 -0.045
 -0.070
 -0.090
 -0.090
 -0.085
 -0.070
 -0.055
 -0.040
 -0.030
 -0.030
 -0.035
 -0.040
 -0.050
 -0.055
 -0.060
 -0.060
 -0.060
 -0.060
 -0.065
 -0.070
 -0.075
 -0.085
 -0.085
 -0.090
 -0.085
 -0.080
 -0.075
 -0.065
 -0.060
 -0.055
 -0.055
 -0.050
 -0.050
 -0.050
 -0.045
 -0.040
 -0.035
 -0.030
 -0.025
 -0.025
 -0.030
 -0.040
 -0.050
 -0.065
 -0.075
 -0.075
 -0.070
 -0.055
 -0.035
 -0.010
 0.010
 0.030
 0.040
 0.040
 0.035
 0.020
 0.010
 -0.005
 -0.010
 -0.005
 0.000
 0.010
 0.020
 0.025
 0.025
 0.025
 0.015
 0.010
 0.005
 0.005
 0.010
 0.020
 0.030
 0.035
 0.040
 0.035
 0.025
 0.015
 0.005
 -0.005
 -0.005
 0.000
 0.015
 0.025
 0.040
 0.045
 0.050
 0.045
 0.035
 0.025
 0.015
 0.010
 0.010
 0.010
 0.015
 0.020
 0.025
 0.020
 0.010
 -0.005
 -0.025
 -0.045
 -0.060
 -0.070
 -0.075
 -0.075
 -0.075
 -0.070
 -0.070
 -0.070
 -0.080
 -0.095
 -0.115
 -0.140
 -0.165
 -0.185
 -0.205
 -0.215
 -0.215
 -0.210
 -0.200
 -0.185
 -0.175
 -0.165
 -0.160
 -0.165
 -0.180
 -0.195
 -0.210
 -0.220
 -0.230
 -0.225
 -0.220
 -0.210
 -0.195
 -0.185
 -0.185
 -0.185
 -0.190
 -0.200
 -0.205
 -0.210
 -0.205
 -0.195
 -0.185
 -0.170
 -0.160
 -0.155
 -0.155
 -0.160
 -0.165
 -0.170
 -0.175
 -0.170
 -0.160
 -0.150
 -0.140
 -0.135
 -0.135
 -0.140
 -0.155
 -0.170
 -0.185
 -0.190
 -0.195
 -0.185
 -0.175
 -0.155
 -0.140
 -0.125
 -0.115
 -0.115
 -0.120
 -0.130
 -0.140
 -0.155
 -0.160
 -0.160
 -0.160
 -0.155
 -0.145
 -0.135
 -0.130
 -0.120
 -0.110
 -0.105
 -0.105
 -0.105
 -0.105
 -0.115
 -0.125
 -0.135
 -0.140
 -0.145
 -0.145
 -0.135
 -0.125
 -0.105
 -0.090
 -0.075
 -0.070
 -0.070
 -0.085
 -0.105
 -0.125
 -0.145
 -0.160
 -0.160
 -0.155
 -0.135
 -0.115
 -0.090
 -0.070
 -0.055
 -0.050
 -0.055
 -0.065
 -0.075
 -0.085
 -0.095
 -0.100
 -0.100
 -0.100
 -0.100
 -0.100
 -0.105
 -0.110
 -0.115
 -0.115
 -0.115
 -0.110
 -0.105
 -0.095
 -0.080
 -0.070
 -0.065
 -0.065
 -0.065
 -0.070
 -0.080
 -0.085
 -0.095
 -0.095
 -0.100
 -0.095
 -0.085
 -0.075
 -0.065
 -0.050
 -0.035
 -0.020
 -0.005
 0.005
 0.015
 0.020
 0.020
 0.025
 0.025
 0.030
 0.035
 0.040
 0.040
 0.040
 0.040
 0.025
 0.010
 -0.010
 -0.035
 -0.055
 -0.065
 -0.070
 -0.065
 -0.055
 -0.040
 -0.030
 -0.020
 -0.025
 -0.035
 -0.050
 -0.070
 -0.090
 -0.100
 -0.100
 -0.090
 -0.075
 -0.060
 -0.045
 -0.040
 -0.040
 -0.050
 -0.065
 -0.085
 -0.105
 -0.120
 -0.135
 -0.145
 -0.155
 -0.160
 -0.165
 -0.165
 -0.155
 -0.140
 -0.105
 -0.055
 0.010
 0.095
 0.195
 0.300
 0.410
 0.520
 0.625
 0.725
 0.805
 0.870
 0.905
 0.915
 0.890
 0.830
 0.735
 0.620
 0.490
 0.365
 0.245
 0.155
 0.095
 0.065
 0.060
 0.070
 0.080
 0.085
 0.075
 0.050
 0.010
 -0.040
 -0.080
 -0.110
 -0.125
 -0.120
 -0.105
 -0.080
 -0.060
 -0.045
 -0.045
 -0.055
 -0.070
 -0.090
 -0.105
 -0.110
 -0.100
 -0.085
 -0.065
 -0.045
 -0.035
 -0.035
 -0.045
 -0.065
 -0.090
 -0.110
 -0.125
 -0.125
 -0.115
 -0.090
 -0.065
 -0.045
 -0.025
 -0.020
 -0.020
 -0.035
 -0.050
 -0.070
 -0.085
 -0.095
 -0.095
 -0.085
 -0.070
 -0.055
 -0.040
 -0.025
 -0.020
 -0.015
 -0.020
 -0.020
 -0.025
 -0.025
 -0.020
 -0.010
 0.000
 0.010
 0.020
 0.020
 0.020
 0.015
 0.005
 -0.005
 -0.015
 -0.015
 -0.010
 0.005
 0.030
 0.055
 0.075
 0.095
 0.110
 0.110
 0.105
 0.095
 0.085
 0.075
 0.075
 0.085
 0.100
 0.115
 0.135
 0.145
 0.150
 0.150
 0.140
 0.125
 0.115
 0.115
 0.120
 0.135
 0.160
 0.185
 0.215
 0.240
 0.260
 0.265
 0.260
 0.250
 0.235
 0.220
 0.210
 0.200
 0.200
 0.200
 0.205
 0.210
 0.210
 0.205
 0.195
 0.180
 0.165
 0.145
 0.125
 0.110
 0.100
 0.095
 0.095
 0.090
 0.090
 0.085
 0.075
 0.060
 0.045
 0.030
 0.020
 0.010
 0.005
 0.000
 0.000
 0.000
 0.000
 -0.005
 -0.015
 -0.025
 -0.035
 -0.045
 -0.050
 -0.055
 -0.050
 -0.045
 -0.040
 -0.035
 -0.030
 -0.025
 -0.020
 -0.020
 -0.025
 -0.025
 -0.030
 -0.030
 -0.030
 -0.030
 -0.035
 -0.035
 -0.035
 -0.035
 -0.035
 -0.035
 -0.035
 -0.030
 -0.030
 -0.030
 -0.025
 -0.030
 -0.030
 -0.035
 -0.035
 -0.040
 -0.040
 -0.040
 -0.040
 -0.035
 -0.035
 -0.035
 -0.035
 -0.040
 -0.045
 -0.045
 -0.045
 -0.045
 -0.040
 -0.035
 -0.030
 -0.025
 -0.025
 -0.030
 -0.040
 -0.050
 -0.060
 -0.065
 -0.070
 -0.065
 -0.060
 -0.045
 -0.035
 -0.025
 -0.015
 -0.015
 -0.015
 -0.020
 -0.030
 -0.035
 -0.040
 -0.040
 -0.040
 -0.035
 -0.035
 -0.035
 -0.035
 -0.040
 -0.045
 -0.050
 -0.055
 -0.055
 -0.060
 -0.060
 -0.055
 -0.055
 -0.050
 -0.045
 -0.040
 -0.040
 -0.035
 -0.030
 -0.025
 -0.025
 -0.020
 -0.025
 -0.025
 -0.030
 -0.035
 -0.040
 -0.045
 -0.050
 -0.055
 -0.055
 -0.055
 -0.055
 -0.050
 -0.050
 -0.050
 -0.045
 -0.045
 -0.040
 -0.040
 -0.040
 -0.045
 -0.045
 -0.050
 -0.050
 -0.045
 -0.035
 -0.020
 -0.010
 0.005
 0.010
 0.010
 0.005
 -0.005
 -0.020
 -0.030
 -0.030
 -0.025
 -0.010
 0.015
 0.045
 0.075
 0.095
 0.110
 0.115
 0.105
 0.090
 0.065
 0.040
 0.020
 0.005
 -0.010
 -0.020
 -0.035
 -0.045
 -0.055
 -0.065
 -0.070
 -0.070
 -0.070
 -0.060
 -0.050
 -0.040
 -0.030
 -0.030
 -0.030
 -0.040
 -0.050
 -0.060
 -0.070
 -0.070
 -0.070
 -0.065
 -0.060
 -0.055
 -0.055
 -0.065
 -0.080
 -0.105
 -0.130
 -0.155
 -0.175
 -0.185
 -0.185
 -0.165
 -0.125
 -0.075
 -0.005
 0.075
 0.165
 0.265
 0.365
 0.470
 0.575
 0.670
 0.765
 0.840
 0.895
 0.920
 0.915
 0.870
 0.795
 0.695
 0.570
 0.445
 0.320
 0.210
 0.130
 0.070
 0.040
 0.030
 0.030
 0.035
 0.030
 0.020
 0.000
 -0.025
 -0.055
 -0.085
 -0.110
 -0.120
 -0.125
 -0.120
 -0.110
 -0.100
 -0.095
 -0.090
 -0.090
 -0.090
 -0.090
 -0.090
 -0.085
 -0.080
 -0.070
 -0.065
 -0.060
 -0.055
 -0.060
 -0.065
 -0.070
 -0.075
 -0.075
 -0.070
 -0.065
 -0.055
 -0.045
 -0.040
 -0.045
 -0.050
 -0.060
 -0.075
 -0.085
 -0.095
 -0.095
 -0.090
 -0.080
 -0.065
 -0.050
 -0.045
 -0.040
 -0.040
 -0.045
 -0.050
 -0.060
 -0.065
 -0.065
 -0.060
 -0.050
 -0.040
 -0.035
 -0.025
 -0.015
 -0.010
 0.000
 0.010
 0.015
 0.025
 0.030
 0.035
 0.030
 0.030
 0.020
 0.010
 0.000
 -0.015
 -0.020
 -0.030
 -0.035
 -0.045
 -0.050
 -0.055
 -0.060
 -0.060
 -0.055
 -0.050
 -0.035
 -0.020
 -0.010
 0.005
 0.010
 0.005
 0.000
 -0.015
 -0.030
 -0.040
 -0.040
 -0.035
 -0.020
 0.000
 0.025
 0.050
 0.070
 0.090
 0.100
 0.100
 0.100
 0.095
 0.090
 0.085
 0.075
 0.070
 0.060
 0.055
 0.050
 0.040
 0.040
 0.035
 0.035
 0.035
 0.030
 0.025
 0.020
 0.010
 0.005
 -0.005
 -0.010
 -0.010
 -0.010
 -0.010
 -0.005
 -0.010
 -0.015
 -0.030
 -0.050
 -0.070
 -0.085
 -0.100
 -0.105
 -0.100
 -0.090
 -0.080
 -0.065
 -0.060
 -0.060
 -0.070
 -0.085
 -0.105
 -0.120
 -0.130
 -0.130
 -0.120
 -0.105
 -0.080
 -0.060
 -0.045
 -0.035
 -0.040
 -0.050
 -0.065
 -0.080
 -0.095
 -0.105
 -0.110
 -0.110
 -0.100
 -0.095
 -0.085
 -0.080
 -0.080
 -0.085
 -0.085
 -0.090
 -0.085
 -0.080
 -0.070
 -0.055
 -0.045
 -0.035
 -0.030
 -0.035
 -0.045
 -0.060
 -0.080
 -0.095
 -0.105
 -0.110
 -0.105
 -0.090
 -0.075
 -0.060
 -0.050
 -0.040
 -0.040
 -0.040
 -0.050
 -0.060
 -0.065
 -0.075
 -0.075
 -0.080
 -0.080
 -0.080
 -0.080
 -0.080
 -0.085
 -0.090
 -0.095
 -0.100
 -0.100
 -0.100
 -0.095
 -0.085
 -0.075
 -0.060
 -0.050
 -0.045
 -0.045
 -0.045
 -0.050
 -0.055
 -0.060
 -0.065
 -0.070
 -0.070
 -0.070
 -0.065
 -0.060
 -0.055
 -0.055
 -0.055
 -0.060
 -0.065
 -0.075
 -0.080
 -0.085
 -0.090
 -0.090
 -0.090
 -0.085
 -0.085
 -0.080
 -0.075
 -0.070
 -0.065
 -0.065
 -0.065
 -0.060
 -0.065
 -0.065
 -0.070
 -0.075
 -0.080
 -0.085
 -0.090
 -0.090
 -0.090
 -0.085
 -0.075
 -0.070
 -0.060
 -0.050
 -0.040
 -0.035
 -0.030
 -0.025
 -0.020
 -0.015
 -0.015
 -0.010
 -0.005
 -0.005
 0.000
 0.010
 0.020
 0.030
 0.040
 0.050
 0.060
 0.065
 0.070
 0.065
 0.060
 0.045
 0.030
 0.015
 0.000
 -0.020
 -0.030
 -0.040
 -0.050
 -0.055
 -0.055
 -0.055
 -0.050
 -0.045
 -0.040
 -0.040
 -0.040
 -0.045
 -0.050
 -0.065
 -0.080
 -0.095
 -0.105
 -0.115
 -0.115
 -0.105
 -0.095
 -0.080
 -0.065
 -0.060
 -0.065
 -0.080
 -0.105
 -0.135
 -0.165
 -0.190
 -0.200
 -0.190
 -0.160
 -0.105
 -0.035
 0.055
 0.155
 0.260
 0.375
 0.485
 0.595
 0.695
 0.785
 0.860
 0.905
 0.920
 0.895
 0.835
 0.740
 0.620
 0.490
 0.365
 0.250
 0.165
 0.105
 0.070
 0.055
 0.055
 0.055
 0.045
 0.030
 0.000
 -0.035
 -0.070
 -0.100
 -0.125
 -0.135
 -0.130
 -0.120
 -0.105
 -0.090
 -0.080
 -0.075
 -0.080
 -0.090
 -0.100
 -0.110
 -0.115
 -0.120
 -0.115
 -0.100
 -0.085
 -0.070
 -0.060
 -0.050
 -0.045
 -0.050
 -0.055
 -0.070
 -0.085
 -0.095
 -0.110
 -0.120
 -0.120
 -0.120
 -0.115
 -0.105
 -0.090
 -0.075
 -0.060
 -0.050
 -0.040
 -0.035
 -0.035
 -0.040
 -0.045
 -0.050
 -0.060
 -0.065
 -0.065
 -0.065
 -0.065
 -0.055
 -0.045
 -0.035
 -0.030
 -0.020
 -0.020
 -0.025
 -0.035
 -0.045
 -0.055
 -0.060
 -0.060
 -0.055
 -0.040
 -0.020
 0.005
 0.030
 0.050
 0.065
 0.070
 0.065
 0.060
 0.045
 0.035
 0.025
 0.020
 0.025
 0.035
 0.050
 0.070
 0.095
 0.115
 0.135
 0.150
 0.160
 0.160
 0.160
 0.160
 0.155
 0.150
 0.150
 0.150
 0.155
 0.170
 0.180
 0.190
 0.195
 0.195
 0.190
 0.185
 0.170
 0.165
 0.160
 0.160
 0.175
 0.190
 0.205
 0.220
 0.225
 0.220
 0.205
 0.185
 0.155
 0.125
 0.100
 0.080
 0.070
 0.060
 0.055
 0.050
 0.040
 0.030
 0.015
 0.000
 -0.015
 -0.020
 -0.025
 -0.025
 -0.020
 -0.015
 -0.010
 -0.010
 -0.010
 -0.020
 -0.030
 -0.040
 -0.055
 -0.070
 -0.080
 -0.085
 -0.085
 -0.085
 -0.080
 -0.075
 -0.065
 -0.055
 -0.050
 -0.050
 -0.050
 -0.055
 -0.060
 -0.070
 -0.075
 -0.080
 -0.085
 -0.085
 -0.085
 -0.085
 -0.085
 -0.085
 -0.085
 -0.085
 -0.080
 -0.075
 -0.065
 -0.055
 -0.050
 -0.050
 -0.055
 -0.065
 -0.080
 -0.095
 -0.105
 -0.105
 -0.095
 -0.075
 -0.055
 -0.030
 -0.010
 -0.005
 -0.015
 -0.035
 -0.065
 -0.100
 -0.125
 -0.145
 -0.150
 -0.140
 -0.120
 -0.100
 -0.075
 -0.060
 -0.050
 -0.050
 -0.055
 -0.060
 -0.070
 -0.075
 -0.075
 -0.075
 -0.075
 -0.075
 -0.075
 -0.080
 -0.085
 -0.085
 -0.090
 -0.090
 -0.085
 -0.080
 -0.075
 -0.070
 -0.065
 -0.065
 -0.065
 -0.065
 -0.070
 -0.070
 -0.075
 -0.075
 -0.080
 -0.080
 -0.085
 -0.090
 -0.095
 -0.095
 -0.100
 -0.095
 -0.090
 -0.080
 -0.070
 -0.060
 -0.050
 -0.045
 -0.040
 -0.045
 -0.050
 -0.060
 -0.070
 -0.085
 -0.095
 -0.100
 -0.105
 -0.105
 -0.100
 -0.100
 -0.095
 -0.095
 -0.095
 -0.100
 -0.100
 -0.105
 -0.100
 -0.095
 -0.085
 -0.075
 -0.060
 -0.050
 -0.040
 -0.040
 -0.040
 -0.045
 -0.050
 -0.050
 -0.045
 -0.035
 -0.015
 0.010
 0.035
 0.055
 0.075
 0.080
 0.080
 0.070
 0.055
 0.040
 0.025
 0.015
 0.000
 -0.010
 -0.025
 -0.040
 -0.060
 -0.075
 -0.095
 -0.110
 -0.120
 -0.125
 -0.125
 -0.120
 -0.110
 -0.105
 -0.095
 -0.090
 -0.090
 -0.090
 -0.085
 -0.085
 -0.080
 -0.070
 -0.065
 -0.060
 -0.055
 -0.060
 -0.075
 -0.095
 -0.125
 -0.155
 -0.185
 -0.205
 -0.220
 -0.215
 -0.195
 -0.160
 -0.105
 -0.035
 0.045
 0.130
 0.220
 0.315
 0.410
 0.505
 0.595
 0.675
 0.750
 0.800
 0.830
 0.835
 0.805
 0.740
 0.650
 0.535
 0.410
 0.280
 0.165
 0.075
 0.010
 -0.030
 -0.040
 -0.030
 -0.010
 0.010
 0.025
 0.030
 0.020
 0.000
 -0.025
 -0.060
 -0.085
 -0.110
 -0.120
 -0.130
 -0.125
 -0.120
 -0.110
 -0.095
 -0.085
 -0.075
 -0.065
 -0.060
 -0.060
 -0.065
 -0.070
 -0.080
 -0.090
 -0.105
 -0.110
 -0.120
 -0.115
 -0.110
 -0.100
 -0.085
 -0.070
 -0.060
 -0.055
 -0.050
 -0.050
 -0.055
 -0.060
 -0.060
 -0.060
 -0.055
 -0.050
 -0.045
 -0.040
 -0.035
 -0.035
 -0.040
 -0.045
 -0.045
 -0.040
 -0.035
 -0.025
 -0.010
 0.005
 0.015
 0.020
 0.025
 0.025
 0.020
 0.015
 0.010
 0.005
 0.005
 0.010
 0.010
 0.015
 0.015
 0.015
 0.015
 0.015
 0.020
 0.025
 0.035
 0.050
 0.065
 0.085
 0.100
 0.110
 0.115
 0.115
 0.115
 0.110
 0.110
 0.105
 0.110
 0.115
 0.125
 0.140
 0.160
 0.180
 0.200
 0.220
 0.235
 0.240
 0.240
 0.235
 0.225
 0.215
 0.200
 0.190
 0.190
 0.190
 0.195
 0.200
 0.210
 0.215
 0.215
 0.215
 0.205
 0.190
 0.175
 0.165
 0.155
 0.145
 0.145
 0.145
 0.145
 0.140
 0.130
 0.120
 0.105
 0.085
 0.065
 0.045
 0.030
 0.020
 0.015
 0.020
 0.020
 0.020
 0.020
 0.015
 0.005
 -0.010
 -0.030
 -0.050
 -0.065
 -0.075
 -0.080
 -0.075
 -0.070
 -0.060
 -0.050
 -0.045
 -0.045
 -0.055
 -0.065
 -0.075
 -0.085
 -0.090
 -0.090
 -0.080
 -0.070
 -0.060
 -0.050
 -0.045
 -0.045
 -0.055
 -0.065
 -0.070
 -0.075
 -0.075
 -0.070
 -0.060
 -0.050
 -0.045
 -0.045
 -0.050
 -0.065
 -0.080
 -0.095
 -0.105
 -0.105
 -0.100
 -0.085
 -0.065
 -0.050
 -0.040
 -0.035
 -0.045
 -0.055
 -0.070
 -0.090
 -0.100
 -0.100
 -0.095
 -0.080
 -0.065
 -0.045
 -0.030
 -0.025
 -0.030
 -0.040
 -0.060
 -0.080
 -0.095
 -0.110
 -0.115
 -0.110
 -0.095
 -0.080
 -0.065
 -0.050
 -0.045
 -0.045
 -0.055
 -0.065
 -0.080
 -0.090
 -0.095
 -0.090
 -0.080
 -0.065
 -0.050
 -0.035
 -0.025
 -0.025
 -0.030
 -0.045
 -0.060
 -0.080
 -0.095
 -0.105
 -0.105
 -0.105
 -0.100
 -0.090
 -0.085
 -0.075
 -0.075
 -0.075
 -0.075
 -0.080
 -0.080
 -0.085
 -0.085
 -0.080
 -0.075
 -0.070
 -0.065
 -0.060
 -0.055
 -0.060
 -0.065
 -0.075
 -0.090
 -0.105
 -0.120
 -0.130
 -0.130
 -0.120
 -0.105
 -0.085
 -0.060
 -0.045
 -0.030
 -0.025
 -0.025
 -0.025
 -0.025
 -0.025
 -0.020
 -0.005
 0.010
 0.030
 0.045
 0.050
 0.055
 0.045
 0.035
 0.020
 0.005
 -0.010
 -0.025
 -0.035
 -0.045
 -0.060
 -0.075
 -0.090
 -0.105
 -0.120
 -0.125
 -0.120
 -0.110
 -0.095
 -0.080
 -0.065
 -0.060
 -0.065
 -0.075
 -0.090
 -0.105
 -0.115
 -0.120
 -0.120
 -0.110
 -0.095
 -0.085
 -0.080
 -0.085
 -0.105
 -0.135
 -0.170
 -0.205
 -0.235
 -0.250
 -0.250
 -0.230
 -0.190
 -0.135
 -0.065
 0.010
 0.085
 0.165
 0.245
 0.325
 0.410
 0.490
 0.570
 0.650
 0.715
 0.765
 0.790
 0.780
 0.740
 0.665
 0.560
 0.435
 0.310
 0.185
 0.085
 0.010
 -0.030
 -0.045
 -0.035
 -0.010
 0.010
 0.025
 0.025
 0.005
 -0.025
 -0.065
 -0.100
 -0.130
 -0.145
 -0.145
 -0.135
 -0.115
 -0.100
 -0.085
 -0.080
 -0.090
 -0.105
 -0.120
 -0.135
 -0.145
 -0.145
 -0.140
 -0.130
 -0.125
 -0.120
 -0.120
 -0.125
 -0.130
 -0.135
 -0.135
 -0.130
 -0.115
 -0.095
 -0.075
 -0.060
 -0.055
 -0.060
 -0.070
 -0.085
 -0.100
 -0.110
 -0.105
 -0.100
 -0.080
 -0.065
 -0.050
 -0.040
 -0.035
 -0.045
 -0.055
 -0.065
 -0.070
 -0.070
 -0.060
 -0.050
 -0.035
 -0.025
 -0.025
 -0.030
 -0.040
 -0.055
 -0.070
 -0.075
 -0.070
 -0.060
 -0.035
 -0.015
 0.010
 0.025
 0.030
 0.030
 0.020
 0.010
 0.000
 0.000
 0.000
 0.015
 0.030
 0.055
 0.075
 0.090
 0.105
 0.110
 0.115
 0.110
 0.105
 0.105
 0.105
 0.105
 0.110
 0.120
 0.135
 0.155
 0.170
 0.185
 0.190
 0.190
 0.185
 0.170
 0.150
 0.135
 0.120
 0.110
 0.115
 0.125
 0.145
 0.170
 0.185
 0.200
 0.200
 0.190
 0.175
 0.150
 0.125
 0.110
 0.095
 0.095
 0.095
 0.095
 0.100
 0.095
 0.080
 0.060
 0.035
 0.010
 -0.015
 -0.035
 -0.045
 -0.050
 -0.050
 -0.050
 -0.045
 -0.045
 -0.045
 -0.050
 -0.060
 -0.065
 -0.075
 -0.090
 -0.100
 -0.110
 -0.115
 -0.120
 -0.120
 -0.110
 -0.100
 -0.085
 -0.065
 -0.050
 -0.040
 -0.040
 -0.050
 -0.060
 -0.075
 -0.090
 -0.100
 -0.105
 -0.100
 -0.085
 -0.075
 -0.060
 -0.055
 -0.060
 -0.070
 -0.085
 -0.100
 -0.110
 -0.115
 -0.105
 -0.090
 -0.070
 -0.055
 -0.040
 -0.035
 -0.040
 -0.055
 -0.070
 -0.090
 -0.105
 -0.110
 -0.115
 -0.105
 -0.095
 -0.085
 -0.075
 -0.065
 -0.065
 -0.060
 -0.060
 -0.060
 -0.055
 -0.050
 -0.050
 -0.050
 -0.050
 -0.060
 -0.075
 -0.095
 -0.110
 -0.125
 -0.125
 -0.120
 -0.100
 -0.075
 -0.050
 -0.025
 -0.010
 -0.005
 -0.010
 -0.025
 -0.045
 -0.070
 -0.085
 -0.090
 -0.090
 -0.080
 -0.060
 -0.045
 -0.030
 -0.025
 -0.030
 -0.040
 -0.055
 -0.080
 -0.095
 -0.110
 -0.115
 -0.115
 -0.100
 -0.085
 -0.060
 -0.040
 -0.025
 -0.015
 -0.015
 -0.025
 -0.040
 -0.055
 -0.070
 -0.085
 -0.090
 -0.095
 -0.085
 -0.080
 -0.070
 -0.060
 -0.055
 -0.055
 -0.060
 -0.065
 -0.065
 -0.065
 -0.050
 -0.035
 -0.010
 0.015
 0.040
 0.065
 0.075
 0.080
 0.080
 0.070
 0.055
 0.040
 0.030
 0.025
 0.020
 0.020
 0.020
 0.020
 0.010
 0.000
 -0.020
 -0.045
 -0.070
 -0.095
 -0.115
 -0.130
 -0.130
 -0.120
 -0.105
 -0.080
 -0.055
 -0.035
 -0.025
 -0.025
 -0.035
 -0.050
 -0.070
 -0.085
 -0.100
 -0.100
 -0.100
 -0.095
 -0.095
 -0.100
 -0.115
 -0.140
 -0.170
 -0.195
 -0.210
 -0.205
 -0.170
 -0.115
 -0.040
 0.045
 0.140
 0.230
 0.315
 0.395
 0.470
 0.545
 0.625
 0.700
 0.775
 0.835
 0.870
 0.870
 0.830
 0.745
 0.630
 0.495
 0.360
 0.235
 0.140
 0.075
 0.045
 0.040
 0.050
 0.060
 0.060
 0.045
 0.020
 -0.010
 -0.045
 -0.080
 -0.100
 -0.110
 -0.105
 -0.095
 -0.085
 -0.075
 -0.070
 -0.070
 -0.070
 -0.070
 -0.070
 -0.070
 -0.070
 -0.070
 -0.075
 -0.080
 -0.095
 -0.110
 -0.130
 -0.145
 -0.150
 -0.155
 -0.145
 -0.130
 -0.110
 -0.085
 -0.065
 -0.050
 -0.040
 -0.035
 -0.040
 -0.055
 -0.070
 -0.085
 -0.095
 -0.105
 -0.105
 -0.100
 -0.085
 -0.070
 -0.055
 -0.040
 -0.030
 -0.025
 -0.020
 -0.020
 -0.025
 -0.025
 -0.025
 -0.025
 -0.025
 -0.025
 -0.020
 -0.025
 -0.030
 -0.030
 -0.035
 -0.040
 -0.035
 -0.030
 -0.020
 -0.010
 0.005
 0.015
 0.020
 0.025
 0.020
 0.015
 0.010
 0.010
 0.010
 0.020
 0.030
 0.050
 0.070
 0.090
 0.105
 0.125
 0.135
 0.140
 0.145
 0.145
 0.145
 0.145
 0.150
 0.150
 0.155
 0.160
 0.165
 0.170
 0.170
 0.175
 0.180
 0.180
 0.185
 0.190
 0.195
 0.200
 0.200
 0.200
 0.190
 0.180
 0.170
 0.155
 0.150
 0.145
 0.145
 0.145
 0.150
 0.150
 0.150
 0.145
 0.130
 0.110
 0.085
 0.055
 0.030
 0.010
 -0.005
 -0.015
 -0.020
 -0.015
 -0.015
 -0.010
 -0.010
 -0.010
 -0.015
 -0.025
 -0.035
 -0.045
 -0.055
 -0.065
 -0.070
 -0.075
 -0.075
 -0.080
 -0.080
 -0.080
 -0.080
 -0.075
 -0.075
 -0.070
 -0.070
 -0.075
 -0.075
 -0.080
 -0.090
 -0.095
 -0.105
 -0.105
 -0.105
 -0.095
 -0.080
 -0.065
 -0.045
 -0.025
 -0.010
 0.000
 -0.005
 -0.015
 -0.035
 -0.055
 -0.080
 -0.095
 -0.105
 -0.105
 -0.095
 -0.085
 -0.065
 -0.050
 -0.040
 -0.035
 -0.035
 -0.045
 -0.055
 -0.070
 -0.075
 -0.085
 -0.085
 -0.080
 -0.075
 -0.070
 -0.070
 -0.075
 -0.085
 -0.100
 -0.110
 -0.120
 -0.125
 -0.120
 -0.105
 -0.085
 -0.065
 -0.045
 -0.025
 -0.020
 -0.020
 -0.030
 -0.045
 -0.065
 -0.080
 -0.085
 -0.090
 -0.080
 -0.070
 -0.055
 -0.040
 -0.030
 -0.025
 -0.030
 -0.040
 -0.055
 -0.070
 -0.085
 -0.100
 -0.110
 -0.110
 -0.110
 -0.105
 -0.095
 -0.085
 -0.070
 -0.060
 -0.055
 -0.050
 -0.050
 -0.055
 -0.060
 -0.070
 -0.075
 -0.080
 -0.080
 -0.075
 -0.070
 -0.060
 -0.055
 -0.050
 -0.050
 -0.050
 -0.055
 -0.060
 -0.065
 -0.060
 -0.050
 -0.035
 -0.020
 0.000
 0.020
 0.035
 0.050
 0.055
 0.060
 0.060
 0.060
 0.055
 0.050
 0.040
 0.030
 0.015
 -0.005
 -0.020
 -0.035
 -0.050
 -0.060
 -0.060
 -0.060
 -0.055
 -0.050
 -0.050
 -0.050
 -0.055
 -0.060
 -0.070
 -0.075
 -0.080
 -0.080
 -0.075
 -0.075
 -0.070
 -0.070
 -0.070
 -0.075
 -0.080
 -0.080
 -0.080
 -0.080
 -0.080
 -0.075
 -0.080
 -0.090
 -0.105
 -0.130
 -0.155
 -0.180
 -0.200
 -0.205
 -0.195
 -0.165
 -0.115
 -0.050
 0.030
 0.115
 0.210
 0.305
 0.405
 0.510
 0.615
 0.715
 0.805
 0.870
 0.910
 0.915
 0.875
 0.800
 0.695
 0.570
 0.440
 0.315
 0.210
 0.130
 0.075
 0.040
 0.020
 0.010
 0.000
 -0.015
 -0.035
 -0.055
 -0.075
 -0.085
 -0.090
 -0.085
 -0.075
 -0.070
 -0.065
 -0.070
 -0.085
 -0.105
 -0.125
 -0.140
 -0.145
 -0.140
 -0.125
 -0.100
 -0.080
 -0.060
 -0.055
 -0.065
 -0.080
 -0.105
 -0.125
 -0.145
 -0.150
 -0.140
 -0.125
 -0.100
 -0.080
 -0.065
 -0.065
 -0.065
 -0.080
 -0.090
 -0.100
 -0.100
 -0.090
 -0.075
 -0.055
 -0.040
 -0.030
 -0.030
 -0.040
 -0.060
 -0.085
 -0.105
 -0.120
 -0.120
 -0.115
 -0.095
 -0.070
 -0.040
 -0.015
 0.005
 0.025
 0.030
 0.030
 0.025
 0.010
 -0.005
 -0.020
 -0.040
 -0.055
 -0.065
 -0.065
 -0.065
 -0.050
 -0.035
 -0.015
 0.005
 0.030
 0.045
 0.055
 0.065
 0.070
 0.070
 0.075
 0.080
 0.090
 0.095
 0.105
 0.115
 0.125
 0.135
 0.140
 0.145
 0.150
 0.155
 0.160
 0.170
 0.170
 0.175
 0.180
 0.180
 0.180
 0.180
 0.180
 0.185
 0.190
 0.190
 0.195
 0.195
 0.195
 0.185
 0.180
 0.170
 0.160
 0.155
 0.150
 0.145
 0.145
 0.145
 0.140
 0.135
 0.125
 0.110
 0.095
 0.075
 0.055
 0.035
 0.015
 0.000
 -0.015
 -0.025
 -0.035
 -0.040
 -0.045
 -0.050
 -0.050
 -0.050
 -0.050
 -0.050
 -0.045
 -0.045
 -0.045
 -0.045
 -0.050
 -0.050
 -0.055
 -0.060
 -0.065
 -0.065
 -0.070
 -0.070
 -0.075
 -0.075
 -0.070
 -0.070
 -0.065
 -0.060
 -0.055
 -0.055
 -0.050
 -0.050
 -0.050
 -0.055
 -0.060
 -0.070
 -0.075
 -0.080
 -0.090
 -0.090
 -0.095
 -0.090
 -0.085
 -0.080
 -0.070
 -0.055
 -0.045
 -0.040
 -0.040
 -0.040
 -0.050
 -0.065
 -0.080
 -0.090
 -0.100
 -0.105
 -0.105
 -0.105
 -0.095
 -0.085
 -0.080
 -0.075
 -0.075
 -0.075
 -0.080
 -0.085
 -0.090
 -0.090
 -0.095
 -0.090
 -0.090
 -0.085
 -0.075
 -0.070
 -0.060
 -0.055
 -0.050
 -0.050
 -0.050
 -0.060
 -0.070
 -0.080
 -0.090
 -0.100
 -0.105
 -0.100
 -0.095
 -0.090
 -0.080
 -0.075
 -0.070
 -0.070
 -0.075
 -0.075
 -0.080
 -0.080
 -0.080
 -0.075
 -0.075
 -0.070
 -0.075
 -0.080
 -0.090
 -0.105
 -0.115
 -0.120
 -0.120
 -0.110
 -0.100
 -0.085
 -0.070
 -0.055
 -0.040
 -0.035
 -0.035
 -0.035
 -0.045
 -0.050
 -0.060
 -0.065
 -0.075
 -0.085
 -0.095
 -0.105
 -0.110
 -0.115
 -0.115
 -0.105
 -0.095
 -0.080
 -0.055
 -0.035
 -0.005
 0.020
 0.045
 0.065
 0.075
 0.085
 0.085
 0.080
 0.070
 0.050
 0.030
 0.005
 -0.020
 -0.040
 -0.060
 -0.070
 -0.080
 -0.085
 -0.090
 -0.090
 -0.090
 -0.085
 -0.080
 -0.070
 -0.065
 -0.060
 -0.060
 -0.065
 -0.075
 -0.090
 -0.110
 -0.125
 -0.145
 -0.150
 -0.155
 -0.150
 -0.140
 -0.130
 -0.115
 -0.110
 -0.115
 -0.125
 -0.140
 -0.155
 -0.175
 -0.180
 -0.180
 -0.165
 -0.135
 -0.095
 -0.040
 0.020
 0.085
 0.160
 0.245
 0.330
 0.425
 0.525
 0.630
 0.725
 0.810
 0.865
 0.890
 0.875
 0.820
 0.730
 0.610
 0.480
 0.350
 0.230
 0.135
 0.065
 0.020
 0.000
 -0.010
 -0.015
 -0.025
 -0.035
 -0.055
 -0.075
 -0.095
 -0.110
 -0.120
 -0.115
 -0.105
 -0.090
 -0.080
 -0.070
 -0.075
 -0.085
 -0.105
 -0.125
 -0.140
 -0.155
 -0.160
 -0.155
 -0.145
 -0.130
 -0.115
 -0.105
 -0.100
 -0.095
 -0.100
 -0.105
 -0.105
 -0.110
 -0.105
 -0.100
 -0.095
 -0.090
 -0.085
 -0.080
 -0.080
 -0.085
 -0.090
 -0.095
 -0.095
 -0.090
 -0.085
 -0.080
 -0.070
 -0.065
 -0.055
 -0.050
 -0.050
 -0.050
 -0.055
 -0.055
 -0.055
 -0.055
 -0.055
 -0.050
 -0.045
 -0.040
 -0.035
 -0.035
 -0.030
 -0.035
 -0.035
 -0.030
 -0.025
 -0.015
 -0.005
 0.005
 0.015
 0.025
 0.025
 0.025
 0.015
 0.010
 0.005
 0.000
 0.005
 0.020
 0.035
 0.055
 0.075
 0.095
 0.105
 0.105
 0.105
 0.100
 0.095
 0.095
 0.100
 0.110
 0.125
 0.145
 0.165
 0.175
 0.185
 0.185
 0.180
 0.170
 0.160
 0.150
 0.150
 0.150
 0.160
 0.175
 0.190
 0.205
 0.210
 0.215
 0.210
 0.200
 0.185
 0.175
 0.160
 0.145
 0.135
 0.125
 0.115
 0.105
 0.095
 0.080
 0.065
 0.050
 0.035
 0.020
 0.010
 0.000
 -0.010
 -0.015
 -0.020
 -0.030
 -0.035
 -0.040
 -0.045
 -0.050
 -0.055
 -0.060
 -0.065
 -0.070
 -0.070
 -0.070
 -0.070
 -0.065
 -0.055
 -0.045
 -0.035
 -0.025
 -0.025
 -0.030
 -0.040
 -0.060
 -0.080
 -0.095
 -0.105
 -0.110
 -0.105
 -0.090
 -0.070
 -0.055
 -0.040
 -0.035
 -0.035
 -0.045
 -0.060
 -0.075
 -0.080
 -0.085
 -0.080
 -0.075
 -0.065
 -0.055
 -0.055
 -0.060
 -0.065
 -0.075
 -0.080
 -0.080
 -0.075
 -0.065
 -0.045
 -0.030
 -0.020
 -0.020
 -0.025
 -0.040
 -0.065
 -0.085
 -0.110
 -0.125
 -0.130
 -0.125
 -0.115
 -0.100
 -0.085
 -0.065
 -0.050
 -0.040
 -0.035
 -0.035
 -0.035
 -0.045
 -0.050
 -0.060
 -0.070
 -0.080
 -0.090
 -0.095
 -0.100
 -0.100
 -0.100
 -0.095
 -0.085
 -0.080
 -0.075
 -0.075
 -0.070
 -0.075
 -0.075
 -0.080
 -0.080
 -0.075
 -0.075
 -0.070
 -0.065
 -0.060
 -0.055
 -0.055
 -0.055
 -0.060
 -0.065
 -0.070
 -0.075
 -0.085
 -0.085
 -0.090
 -0.090
 -0.090
 -0.090
 -0.085
 -0.080
 -0.080
 -0.075
 -0.075
 -0.075
 -0.075
 -0.075
 -0.080
 -0.080
 -0.080
 -0.085
 -0.085
 -0.085
 -0.080
 -0.080
 -0.075
 -0.075
 -0.070
 -0.070
 -0.070
 -0.065
 -0.065
 -0.055
 -0.050
 -0.035
 -0.025
 -0.010
 0.000
 0.005
 0.010
 0.010
 0.005
 0.005
 0.005
 0.010
 0.020
 0.035
 0.050
 0.065
 0.070
 0.070
 0.055
 0.035
 0.015
 -0.010
 -0.030
 -0.045
 -0.050
 -0.045
 -0.040
 -0.035
 -0.035
 -0.040
 -0.050
 -0.065
 -0.080
 -0.095
 -0.100
 -0.105
 -0.100
 -0.095
 -0.085
 -0.080
 -0.075
 -0.070
 -0.070
 -0.070
 -0.070
 -0.070
 -0.070
 -0.075
 -0.085
 -0.105
 -0.130
 -0.160
 -0.190
 -0.215
 -0.225
 -0.220
 -0.190
 -0.145
 -0.080
 0.000
 0.090
 0.180
 0.275
 0.365
 0.460
 0.550
 0.640
 0.720
 0.795
 0.845
 0.865
 0.855
 0.810
 0.725
 0.615
 0.485
 0.355
 0.230
 0.130
 0.060
 0.015
 -0.005
 -0.005
 0.005
 0.015
 0.020
 0.015
 0.000
 -0.020
 -0.045
 -0.070
 -0.090
 -0.105
 -0.115
 -0.120
 -0.120
 -0.120
 -0.125
 -0.125
 -0.125
 -0.130
 -0.125
 -0.125
 -0.120
 -0.115
 -0.110
 -0.110
 -0.105
 -0.105
 -0.105
 -0.105
 -0.100
 -0.095
 -0.085
 -0.075
 -0.065
 -0.060
 -0.055
 -0.060
 -0.065
 -0.075
 -0.080
 -0.090
 -0.095
 -0.095
 -0.090
 -0.085
 -0.080
 -0.075
 -0.070
 -0.070
 -0.070
 -0.070
 -0.070
 -0.070
 -0.070
 -0.070
 -0.065
 -0.065
 -0.060
 -0.055
 -0.050
 -0.045
 -0.045
 -0.040
 -0.030
 -0.025
 -0.025
 -0.020
 -0.015
 -0.015
 -0.010
 -0.005
 0.000
 0.005
 0.010
 0.015
 0.020
 0.025
 0.030
 0.035
 0.045
 0.055
 0.070
 0.090
 0.115
 0.135
 0.160
 0.175
 0.185
 0.190
 0.185
 0.175
 0.165
 0.150
 0.140
 0.135
 0.135
 0.140
 0.145
 0.150
 0.155
 0.160
 0.165
 0.165
 0.170
 0.180
 0.190
 0.200
 0.210
 0.215
 0.215
 0.210
 0.200
 0.180
 0.165
 0.145
 0.130
 0.115
 0.110
 0.110
 0.110
 0.110
 0.105
 0.100
 0.090
 0.075
 0.060
 0.040
 0.025
 0.010
 0.000
 -0.010
 -0.015
 -0.020
 -0.025
 -0.030
 -0.035
 -0.040
 -0.040
 -0.045
 -0.045
 -0.040
 -0.040
 -0.040
 -0.045
 -0.045
 -0.050
 -0.060
 -0.065
 -0.070
 -0.080
 -0.085
 -0.090
 -0.090
 -0.095
 -0.095
 -0.095
 -0.095
 -0.095
 -0.090
 -0.085
 -0.085
 -0.075
 -0.070
 -0.065
 -0.060
 -0.055
 -0.050
 -0.050
 -0.050
 -0.050
 -0.050
 -0.050
 -0.050
 -0.050
 -0.045
 -0.045
 -0.045
 -0.045
 -0.045
 -0.055
 -0.065
 -0.075
 -0.090
 -0.100
 -0.100
 -0.100
 -0.090
 -0.080
 -0.065
 -0.050
 -0.040
 -0.035
 -0.040
 -0.050
 -0.060
 -0.075
 -0.085
 -0.090
 -0.090
 -0.085
 -0.075
 -0.065
 -0.060
 -0.050
 -0.050
 -0.050
 -0.050
 -0.050
 -0.055
 -0.055
 -0.055
 -0.055
 -0.055
 -0.055
 -0.060
 -0.065
 -0.065
 -0.065
 -0.065
 -0.060
 -0.055
 -0.050
 -0.040
 -0.040
 -0.040
 -0.040
 -0.045
 -0.050
 -0.055
 -0.060
 -0.065
 -0.070
 -0.070
 -0.070
 -0.075
 -0.075
 -0.080
 -0.085
 -0.090
 -0.100
 -0.100
 -0.100
 -0.100
 -0.090
 -0.075
 -0.060
 -0.045
 -0.030
 -0.020
 -0.020
 -0.020
 -0.030
 -0.040
 -0.050
 -0.060
 -0.060
 -0.055
 -0.040
 -0.015
 0.010
 0.035
 0.050
 0.060
 0.065
 0.055
 0.040
 0.025
 0.010
 0.005
 0.000
 0.005
 0.010
 0.015
 0.015
 0.010
 0.000
 -0.015
 -0.035
 -0.050
 -0.070
 -0.080
 -0.090
 -0.095
 -0.095
 -0.095
 -0.095
 -0.095
 -0.090
 -0.090
 -0.085
 -0.075
 -0.065
 -0.055
 -0.045
 -0.040
 -0.035
 -0.040
 -0.050
 -0.065
 -0.090
 -0.110
 -0.135
 -0.160
 -0.175
 -0.185
 -0.185
 -0.175
 -0.155
 -0.125
 -0.085
 -0.030
 0.030
 0.105
 0.185
 0.275
 0.375
 0.475
 0.575
 0.665
 0.740
 0.795
 0.820
 0.820
 0.785
 0.715
 0.625
 0.520
 0.400
 0.280
 0.175
 0.085
 0.015
 -0.025
 -0.045
 -0.045
 -0.035
 -0.015
 0.005
 0.015
 0.015
 0.005
 -0.020
 -0.045
 -0.075
 -0.100
 -0.115
 -0.125
 -0.130
 -0.125
 -0.120
 -0.110
 -0.105
 -0.100
 -0.100
 -0.100
 -0.095
 -0.090
 -0.080
 -0.075
 -0.065
 -0.065
 -0.070
 -0.075
 -0.090
 -0.100
 -0.105
 -0.110
 -0.100
 -0.090
 -0.075
 -0.055
 -0.040
 -0.030
 -0.030
 -0.030
 -0.035
 -0.040
 -0.045
 -0.050
 -0.050
 -0.050
 -0.055
 -0.060
 -0.070
 -0.080
 -0.085
 -0.090
 -0.090
 -0.080
 -0.065
 -0.045
 -0.025
 -0.010
 -0.005
 0.000
 -0.005
 -0.015
 -0.020
 -0.025
 -0.020
 -0.010
 0.000
 0.015
 0.025
 0.030
 0.035
 0.035
 0.030
 0.030
 0.030
 0.035
 0.045
 0.060
 0.080
 0.095
 0.110
 0.120
 0.125
 0.130
 0.135
 0.135
 0.140
 0.140
 0.145
 0.150
 0.155
 0.155
 0.155
 0.155
 0.155
 0.160
 0.165
 0.175
 0.190
 0.205
 0.215
 0.220
 0.220
 0.210
 0.200
 0.185
 0.170
 0.155
 0.150
 0.150
 0.155
 0.165
 0.170
 0.175
 0.175
 0.170
 0.160
 0.140
 0.120
 0.100
 0.080
 0.060
 0.045
 0.030
 0.020
 0.015
 0.010
 0.005
 0.005
 0.005
 0.000
 0.000
 -0.010
 -0.020
 -0.035
 -0.050
 -0.065
 -0.080
 -0.085
 -0.085
 -0.075
 -0.065
 -0.055
 -0.045
 -0.045
 -0.045
 -0.055
 -0.070
 -0.085
 -0.090
 -0.095
 -0.085
 -0.075
 -0.060
 -0.050
 -0.045
 -0.045
 -0.055
 -0.070
 -0.085
 -0.095
 -0.100
 -0.100
 -0.090
 -0.075
 -0.060
 -0.050
 -0.050
 -0.050
 -0.060
 -0.075
 -0.080
 -0.085
 -0.085
 -0.075
 -0.060
 -0.045
 -0.030
 -0.025
 -0.025
 -0.030
 -0.045
 -0.060
 -0.070
 -0.080
 -0.080
 -0.080
 -0.075
 -0.065
 -0.060
 -0.050
 -0.045
 -0.045
 -0.045
 -0.045
 -0.050
 -0.055
 -0.055
 -0.060
 -0.060
 -0.065
 -0.070
 -0.070
 -0.070
 -0.070
 -0.070
 -0.070
 -0.065
 -0.065
 -0.060
 -0.060
 -0.060
 -0.055
 -0.050
 -0.050
 -0.050
 -0.050
 -0.055
 -0.060
 -0.070
 -0.085
 -0.095
 -0.105
 -0.110
 -0.110
 -0.105
 -0.100
 -0.090
 -0.085
 -0.075
 -0.070
 -0.065
 -0.060
 -0.060
 -0.060
 -0.060
 -0.060
 -0.060
 -0.060
 -0.060
 -0.065
 -0.065
 -0.065
 -0.065
 -0.065
 -0.060
 -0.055
 -0.050
 -0.050
 -0.050
 -0.055
 -0.060
 -0.065
 -0.070
 -0.075
 -0.070
 -0.065
 -0.050
 -0.030
 -0.010
 0.015
 0.030
 0.045
 0.050
 0.050
 0.040
 0.030
 0.010
 -0.005
 -0.020
 -0.030
 -0.040
 -0.050
 -0.055
 -0.060
 -0.070
 -0.075
 -0.090
 -0.100
 -0.115
 -0.130
 -0.140
 -0.150
 -0.155
 -0.155
 -0.155
 -0.150
 -0.150
 -0.150
 -0.150
 -0.155
 -0.155
 -0.160
 -0.155
 -0.150
 -0.140
 -0.135
 -0.130
 -0.130
 -0.140
 -0.155
 -0.180
 -0.210
 -0.235
 -0.250
 -0.250
 -0.230
 -0.190
 -0.130
 -0.055
 0.030
 0.120
 0.215
 0.305
 0.400
 0.490
 0.580
 0.665
 0.740
 0.805
 0.840
 0.845
 0.815
 0.745
 0.645
 0.525
 0.395
 0.270
 0.160
 0.080
 0.025
 -0.005
 -0.015
 -0.010
 -0.010
 -0.010
 -0.020
 -0.035
 -0.060
 -0.080
 -0.100
 -0.115
 -0.120
 -0.120
 -0.115
 -0.110
 -0.110
 -0.110
 -0.115
 -0.120
 -0.125
 -0.130
 -0.135
 -0.130
 -0.130
 -0.125
 -0.120
 -0.120
 -0.120
 -0.125
 -0.130
 -0.135
 -0.140
 -0.140
 -0.135
 -0.130
 -0.125
 -0.115
 -0.100
 -0.090
 -0.080
 -0.075
 -0.070
 -0.070
 -0.075
 -0.085
 -0.095
 -0.105
 -0.115
 -0.120
 -0.115
 -0.105
 -0.090
 -0.075
 -0.060
 -0.045
 -0.035
 -0.035
 -0.045
 -0.055
 -0.070
 -0.080
 -0.085
 -0.090
 -0.080
 -0.070
 -0.055
 -0.040
 -0.025
 -0.010
 -0.005
 0.000
 0.005
 0.005
 0.005
 0.010
 0.015
 0.025
 0.035
 0.040
 0.050
 0.050
 0.055
 0.055
 0.050
 0.055
 0.060
 0.070
 0.085
 0.100
 0.125
 0.145
 0.165
 0.175
 0.185
 0.190
 0.185
 0.175
 0.165
 0.150
 0.140
 0.130
 0.125
 0.125
 0.135
 0.145
 0.165
 0.185
 0.210
 0.225
 0.235
 0.235
 0.220
 0.200
 0.175
 0.145
 0.120
 0.100
 0.085
 0.080
 0.085
 0.090
 0.100
 0.105
 0.105
 0.095
 0.085
 0.065
 0.040
 0.020
 0.000
 -0.020
 -0.030
 -0.040
 -0.045
 -0.045
 -0.045
 -0.045
 -0.040
 -0.040
 -0.040
 -0.045
 -0.050
 -0.060
 -0.070
 -0.080
 -0.085
 -0.085
 -0.080
 -0.075
 -0.065
 -0.055
 -0.050
 -0.050
 -0.055
 -0.060
 -0.065
 -0.070
 -0.065
 -0.065
 -0.055
 -0.045
 -0.035
 -0.030
 -0.030
 -0.035
 -0.045
 -0.055
 -0.065
 -0.070
 -0.075
 -0.070
 -0.065
 -0.055
 -0.050
 -0.045
 -0.050
 -0.055
 -0.060
 -0.070
 -0.075
 -0.080
 -0.080
 -0.075
 -0.065
 -0.060
 -0.050
 -0.045
 -0.040
 -0.040
 -0.045
 -0.050
 -0.060
 -0.070
 -0.075
 -0.080
 -0.080
 -0.075
 -0.065
 -0.050
 -0.035
 -0.020
 -0.010
 -0.005
 -0.005
 -0.010
 -0.020
 -0.030
 -0.045
 -0.055
 -0.065
 -0.070
 -0.075
 -0.075
 -0.070
 -0.065
 -0.055
 -0.050
 -0.045
 -0.040
 -0.040
 -0.040
 -0.045
 -0.050
 -0.055
 -0.060
 -0.065
 -0.065
 -0.060
 -0.060
 -0.055
 -0.050
 -0.050
 -0.055
 -0.060
 -0.065
 -0.070
 -0.070
 -0.070
 -0.070
 -0.070
 -0.070
 -0.065
 -0.065
 -0.065
 -0.070
 -0.070
 -0.065
 -0.060
 -0.055
 -0.050
 -0.045
 -0.040
 -0.035
 -0.035
 -0.040
 -0.040
 -0.045
 -0.045
 -0.045
 -0.040
 -0.040
 -0.045
 -0.045
 -0.055
 -0.060
 -0.065
 -0.070
 -0.065
 -0.050
 -0.030
 -0.005
 0.025
 0.050
 0.070
 0.085
 0.090
 0.085
 0.075
 0.060
 0.040
 0.030
 0.015
 0.010
 0.010
 0.010
 0.015
 0.015
 0.010
 0.000
 -0.010
 -0.030
 -0.045
 -0.065
 -0.080
 -0.085
 -0.085
 -0.075
 -0.065
 -0.050
 -0.035
 -0.030
 -0.030
 -0.040
 -0.060
 -0.080
 -0.100
 -0.115
 -0.120
 -0.115
 -0.100
 -0.080
 -0.060
 -0.050
 -0.055
 -0.065
 -0.090
 -0.120
 -0.150
 -0.165
 -0.165
 -0.145
 -0.100
 -0.035
 0.045
 0.140
 0.235
 0.340
 0.440
 0.540
 0.635
 0.720
 0.800
 0.860
 0.895
 0.900
 0.870
 0.805
 0.705
 0.585
 0.450
 0.320
 0.200
 0.110
 0.045
 0.010
 -0.005
 -0.005
 0.000
 0.005
 0.000
 -0.010
 -0.030
 -0.050
 -0.070
 -0.085
 -0.095
 -0.095
 -0.095
 -0.090
 -0.090
 -0.095
 -0.100
 -0.110
 -0.115
 -0.120
 -0.120
 -0.110
 -0.100
 -0.085
 -0.075
 -0.065
 -0.065
 -0.070
 -0.080
 -0.090
 -0.095
 -0.095
 -0.095
 -0.085
 -0.075
 -0.065
 -0.060
 -0.060
 -0.060
 -0.065
 -0.075
 -0.085
 -0.090
 -0.090
 -0.090
 -0.090
 -0.085
 -0.080
 -0.070
 -0.065
 -0.055
 -0.045
 -0.040
 -0.035
 -0.030
 -0.035
 -0.040
 -0.050
 -0.060
 -0.070
 -0.075
 -0.075
 -0.065
 -0.055
 -0.035
 -0.020
 -0.005
 0.005
 0.005
 0.000
 -0.005
 -0.010
 -0.010
 -0.005
 0.010
 0.030
 0.050
 0.070
 0.085
 0.090
 0.090
 0.085
 0.070
 0.060
 0.050
 0.045
 0.055
 0.070
 0.090
 0.110
 0.135
 0.150
 0.160
 0.165
 0.165
 0.160
 0.160
 0.165
 0.170
 0.175
 0.185
 0.185
 0.185
 0.180
 0.170
 0.155
 0.145
 0.140
 0.140
 0.150
 0.170
 0.190
 0.210
 0.220
 0.225
 0.215
 0.195
 0.165
 0.130
 0.095
 0.070
 0.050
 0.040
 0.035
 0.030
 0.030
 0.025
 0.020
 0.015
 0.005
 -0.005
 -0.015
 -0.020
 -0.020
 -0.020
 -0.020
 -0.025
 -0.030
 -0.035
 -0.045
 -0.055
 -0.065
 -0.070
 -0.075
 -0.075
 -0.075
 -0.070
 -0.065
 -0.060
 -0.055
 -0.055
 -0.050
 -0.050
 -0.050
 -0.050
 -0.055
 -0.060
 -0.060
 -0.065
 -0.070
 -0.070
 -0.070
 -0.070
 -0.065
 -0.065
 -0.060
 -0.060
 -0.060
 -0.065
 -0.070
 -0.070
 -0.075
 -0.075
 -0.070
 -0.070
 -0.065
 -0.060
 -0.060
 -0.060
 -0.060
 -0.065
 -0.070
 -0.075
 -0.080
 -0.085
 -0.085
 -0.085
 -0.085
 -0.080
 -0.075
 -0.070
 -0.065
 -0.065
 -0.065
 -0.070
 -0.080
 -0.090
 -0.100
 -0.105
 -0.105
 -0.100
 -0.090
 -0.075
 -0.055
 -0.040
 -0.035
 -0.030
 -0.035
 -0.045
 -0.055
 -0.070
 -0.075
 -0.080
 -0.080
 -0.075
 -0.070
 -0.060
 -0.055
 -0.055
 -0.055
 -0.060
 -0.065
 -0.070
 -0.075
 -0.080
 -0.080
 -0.080
 -0.080
 -0.080
 -0.075
 -0.075
 -0.070
 -0.065
 -0.060
 -0.055
 -0.055
 -0.055
 -0.060
 -0.070
 -0.080
 -0.090
 -0.095
 -0.095
 -0.090
 -0.080
 -0.070
 -0.055
 -0.045
 -0.040
 -0.040
 -0.045
 -0.055
 -0.065
 -0.075
 -0.085
 -0.085
 -0.085
 -0.080
 -0.080
 -0.075
 -0.070
 -0.070
 -0.070
 -0.075
 -0.075
 -0.080
 -0.080
 -0.085
 -0.085
 -0.085
 -0.085
 -0.085
 -0.080
 -0.070
 -0.060
 -0.040
 -0.020
 0.000
 0.020
 0.035
 0.045
 0.050
 0.055
 0.050
 0.050
 0.045
 0.045
 0.040
 0.035
 0.030
 0.020
 0.005
 -0.010
 -0.030
 -0.040
 -0.055
 -0.060
 -0.065
 -0.065
 -0.065
 -0.065
 -0.065
 -0.070
 -0.075
 -0.080
 -0.085
 -0.090
 -0.095
 -0.095
 -0.100
 -0.105
 -0.110
 -0.115
 -0.120
 -0.120
 -0.120
 -0.115
 -0.110
 -0.110
 -0.115
 -0.125
 -0.140
 -0.160
 -0.170
 -0.175
 -0.165
 -0.140
 -0.090
 -0.020
 0.070
 0.175
 0.285
 0.405
 0.520
 0.630
 0.730
 0.815
 0.870
 0.900
 0.890
 0.850
 0.770
 0.670
 0.550
 0.425
 0.310
 0.210
 0.130
 0.075
 0.040
 0.020
 0.005
 -0.005
 -0.020
 -0.035
 -0.050
 -0.065
 -0.080
 -0.085
 -0.085
 -0.085
 -0.080
 -0.080
 -0.085
 -0.095
 -0.105
 -0.120
 -0.125
 -0.130
 -0.125
 -0.120
 -0.110
 -0.095
 -0.085
 -0.085
 -0.085
 -0.090
 -0.100
 -0.110
 -0.120
 -0.125
 -0.125
 -0.120
 -0.115
 -0.105
 -0.095
 -0.080
 -0.070
 -0.065
 -0.060
 -0.055
 -0.055
 -0.060
 -0.060
 -0.065
 -0.070
 -0.075
 -0.080
 -0.080
 -0.080
 -0.080
 -0.080
 -0.080
 -0.075
 -0.070
 -0.065
 -0.060
 -0.050
 -0.040
 -0.035
 -0.030
 -0.025
 -0.025
 -0.030
 -0.035
 -0.045
 -0.050
 -0.050
 -0.050
 -0.045
 -0.040
 -0.030
 -0.025
 -0.015
 -0.010
 0.000
 0.010
 0.025
 0.040
 0.055
 0.075
 0.085
 0.095
 0.095
 0.095
 0.090
 0.085
 0.085
 0.085
 0.095
 0.110
 0.125
 0.140
 0.155
 0.160
 0.160
 0.155
 0.155
 0.150
 0.150
 0.160
 0.165
 0.180
 0.190
 0.195
 0.200
 0.200
 0.195
 0.190
 0.185
 0.185
 0.190
 0.190
 0.190
 0.190
 0.180
 0.165
 0.145
 0.125
 0.105
 0.085
 0.070
 0.060
 0.050
 0.050
 0.045
 0.040
 0.035
 0.025
 0.015
 0.000
 -0.015
 -0.025
 -0.035
 -0.045
 -0.055
 -0.060
 -0.060
 -0.065
 -0.065
 -0.065
 -0.060
 -0.060
 -0.055
 -0.055
 -0.055
 -0.055
 -0.060
 -0.060
 -0.065
 -0.070
 -0.075
 -0.075
 -0.075
 -0.070
 -0.070
 -0.070
 -0.075
 -0.080
 -0.085
 -0.090
 -0.090
 -0.090
 -0.085
 -0.075
 -0.065
 -0.055
 -0.045
 -0.045
 -0.045
 -0.055
 -0.065
 -0.075
 -0.085
 -0.090
 -0.095
 -0.090
 -0.080
 -0.070
 -0.065
 -0.060
 -0.060
 -0.060
 -0.065
 -0.070
 -0.070
 -0.075
 -0.070
 -0.070
 -0.070
 -0.070
 -0.075
 -0.080
 -0.090
 -0.095
 -0.105
 -0.105
 -0.100
 -0.095
 -0.080
 -0.065
 -0.055
 -0.045
 -0.040
 -0.040
 -0.045
 -0.055
 -0.065
 -0.070
 -0.075
 -0.075
 -0.070
 -0.060
 -0.050
 -0.040
 -0.035
 -0.035
 -0.040
 -0.050
 -0.065
 -0.080
 -0.095
 -0.105
 -0.105
 -0.105
 -0.095
 -0.080
 -0.065
 -0.055
 -0.045
 -0.040
 -0.045
 -0.050
 -0.060
 -0.070
 -0.080
 -0.085
 -0.090
 -0.090
 -0.090
 -0.085
 -0.085
 -0.080
 -0.080
 -0.075
 -0.075
 -0.070
 -0.065
 -0.060
 -0.055
 -0.050
 -0.050
 -0.055
 -0.060
 -0.070
 -0.075
 -0.080
 -0.085
 -0.080
 -0.080
 -0.075
 -0.070
 -0.065
 -0.065
 -0.065
 -0.065
 -0.065
 -0.065
 -0.065
 -0.065
 -0.060
 -0.060
 -0.060
 -0.060
 -0.065
 -0.065
 -0.065
 -0.060
 -0.055
 -0.045
 -0.035
 -0.020
 -0.010
 0.000
 0.005
 0.010
 0.015
 0.020
 0.030
 0.045
 0.060
 0.070
 0.080
 0.080
 0.075
 0.055
 0.035
 0.010
 -0.015
 -0.035
 -0.050
 -0.055
 -0.060
 -0.060
 -0.060
 -0.060
 -0.060
 -0.065
 -0.070
 -0.070
 -0.065
 -0.060
 -0.055
 -0.045
 -0.045
 -0.045
 -0.055
 -0.065
 -0.085
 -0.100
 -0.110
 -0.110
 -0.105
 -0.090
 -0.075
 -0.065
 -0.060
 -0.070
 -0.090
 -0.120
 -0.155
 -0.185
 -0.200
 -0.200
 -0.170
 -0.120
 -0.045
 0.050
 0.155
 0.265
 0.380
 0.485
 0.585
 0.675
 0.755
 0.815
 0.855
 0.865
 0.845
 0.795
 0.710
 0.600
 0.475
 0.350
 0.230
 0.130
 0.055
 0.005
 -0.015
 -0.020
 -0.015
 -0.010
 -0.010
 -0.010
 -0.020
 -0.035
 -0.045
 -0.050
 -0.055
 -0.055
 -0.055
 -0.060
 -0.070
 -0.085
 -0.110
 -0.130
 -0.150
 -0.165
 -0.165
 -0.160
 -0.140
 -0.120
 -0.095
 -0.075
 -0.065
 -0.065
 -0.070
 -0.080
 -0.090
 -0.105
 -0.115
 -0.115
 -0.120
 -0.115
 -0.110
 -0.105
 -0.100
 -0.090
 -0.085
 -0.080
 -0.070
 -0.070
 -0.070
 -0.070
 -0.075
 -0.080
 -0.085
 -0.085
 -0.075
 -0.060
 -0.040
 -0.020
 0.000
 0.010
 0.015
 0.005
 -0.015
 -0.040
 -0.065
 -0.090
 -0.100
 -0.100
 -0.085
 -0.060
 -0.030
 -0.005
 0.015
 0.025
 0.025
 0.020
 0.005
 -0.005
 -0.010
 -0.005
 0.005
 0.030
 0.055
 0.075
 0.095
 0.105
 0.105
 0.095
 0.085
 0.075
 0.075
 0.075
 0.090
 0.115
 0.140
 0.165
 0.190
 0.205
 0.210
 0.205
 0.200
 0.190
 0.180
 0.180
 0.180
 0.185
 0.190
 0.200
 0.205
 0.205
 0.205
 0.195
 0.190
 0.180
 0.175
 0.170
 0.170
 0.175
 0.175
 0.180
 0.175
 0.165
 0.150
 0.130
 0.110
 0.085
 0.070
 0.055
 0.050
 0.050
 0.050
 0.055
 0.055
 0.050
 0.035
 0.020
 -0.005
 -0.025
 -0.040
 -0.045
 -0.045
 -0.035
 -0.025
 -0.015
 -0.010
 -0.015
 -0.025
 -0.045
 -0.070
 -0.090
 -0.105
 -0.110
 -0.105
 -0.090
 -0.070
 -0.055
 -0.040
 -0.035
 -0.035
 -0.045
 -0.060
 -0.070
 -0.080
 -0.085
 -0.085
 -0.075
 -0.070
 -0.065
 -0.060
 -0.060
 -0.065
 -0.065
 -0.065
 -0.065
 -0.055
 -0.045
 -0.035
 -0.030
 -0.025
 -0.030
 -0.035
 -0.050
 -0.060
 -0.070
 -0.075
 -0.075
 -0.065
 -0.055
 -0.045
 -0.040
 -0.035
 -0.040
 -0.050
 -0.060
 -0.070
 -0.080
 -0.085
 -0.085
 -0.080
 -0.070
 -0.055
 -0.045
 -0.035
 -0.030
 -0.030
 -0.030
 -0.040
 -0.050
 -0.065
 -0.075
 -0.085
 -0.090
 -0.095
 -0.095
 -0.090
 -0.080
 -0.070
 -0.060
 -0.050
 -0.040
 -0.035
 -0.030
 -0.030
 -0.035
 -0.045
 -0.055
 -0.065
 -0.075
 -0.080
 -0.085
 -0.090
 -0.090
 -0.085
 -0.085
 -0.080
 -0.080
 -0.075
 -0.075
 -0.075
 -0.075
 -0.075
 -0.070
 -0.065
 -0.060
 -0.050
 -0.045
 -0.040
 -0.040
 -0.045
 -0.050
 -0.060
 -0.070
 -0.080
 -0.085
 -0.085
 -0.080
 -0.075
 -0.070
 -0.065
 -0.065
 -0.065
 -0.070
 -0.075
 -0.085
 -0.090
 -0.090
 -0.090
 -0.085
 -0.080
 -0.070
 -0.070
 -0.065
 -0.070
 -0.075
 -0.085
 -0.090
 -0.090
 -0.090
 -0.080
 -0.065
 -0.050
 -0.030
 -0.015
 0.000
 0.010
 0.015
 0.015
 0.015
 0.020
 0.025
 0.035
 0.045
 0.055
 0.060
 0.065
 0.060
 0.050
 0.030
 0.015
 -0.010
 -0.025
 -0.045
 -0.055
 -0.065
 -0.070
 -0.070
 -0.070
 -0.070
 -0.065
 -0.060
 -0.055
 -0.055
 -0.050
 -0.055
 -0.060
 -0.065
 -0.080
 -0.090
 -0.105
 -0.110
 -0.110
 -0.110
 -0.100
 -0.090
 -0.080
 -0.080
 -0.080
 -0.095
 -0.115
 -0.140
 -0.160
 -0.175
 -0.180
 -0.165
 -0.135
 -0.085
 -0.025
 0.055
 0.135
 0.225
 0.320
 0.410
 0.500
 0.585
 0.655
 0.715
 0.755
 0.770
 0.755
 0.710
 0.635
 0.535
 0.425
 0.305
 0.200
 0.110
 0.045
 0.000
 -0.020
 -0.025
 -0.020
 -0.015
 -0.015
 -0.020
 -0.035
 -0.055
 -0.080
 -0.095
 -0.105
 -0.110
 -0.105
 -0.100
 -0.090
 -0.085
 -0.085
 -0.085
 -0.090
 -0.100
 -0.105
 -0.110
 -0.115
 -0.110
 -0.105
 -0.100
 -0.095
 -0.095
 -0.090
 -0.090
 -0.085
 -0.085
 -0.080
 -0.075
 -0.070
 -0.070
 -0.070
 -0.070
 -0.075
 -0.080
 -0.085
 -0.085
 -0.085
 -0.080
 -0.075
 -0.070
 -0.070
 -0.065
 -0.070
 -0.075
 -0.080
 -0.080
 -0.080
 -0.080
 -0.075
 -0.065
 -0.055
 -0.045
 -0.030
 -0.020
 -0.015
 -0.010
 -0.005
 -0.005
 -0.010
 -0.015
 -0.020
 -0.025
 -0.025
 -0.020
 -0.015
 0.000
 0.015
 0.030
 0.040
 0.045
 0.045
 0.040
 0.030
 0.025
 0.025
 0.035
 0.055
 0.075
 0.105
 0.125
 0.145
 0.155
 0.155
 0.150
 0.140
 0.135
 0.135
 0.140
 0.155
 0.175
 0.190
 0.205
 0.210
 0.205
 0.200
 0.190
 0.185
 0.185
 0.190
 0.205
 0.215
 0.230
 0.235
 0.235
 0.225
 0.205
 0.180
 0.155
 0.135
 0.120
 0.110
 0.110
 0.110
 0.115
 0.120
 0.120
 0.115
 0.110
 0.095
 0.085
 0.065
 0.050
 0.030
 0.015
 -0.005
 -0.020
 -0.030
 -0.035
 -0.040
 -0.035
 -0.035
 -0.030
 -0.030
 -0.030
 -0.035
 -0.040
 -0.045
 -0.050
 -0.055
 -0.060
 -0.060
 -0.060
 -0.060
 -0.065
 -0.065
 -0.070
 -0.075
 -0.080
 -0.085
 -0.085
 -0.085
 -0.085
 -0.080
 -0.075
 -0.075
 -0.080
 -0.085
 -0.090
 -0.095
 -0.095
 -0.095
 -0.090
 -0.085
 -0.075
 -0.065
 -0.060
 -0.055
 -0.060
 -0.065
 -0.075
 -0.080
 -0.085
 -0.085
 -0.080
 -0.070
 -0.060
 -0.055
 -0.050
 -0.050
 -0.055
 -0.060
 -0.065
 -0.070
 -0.065
 -0.060
 -0.050
 -0.035
 -0.030
 -0.025
 -0.030
 -0.035
 -0.045
 -0.060
 -0.070
 -0.075
 -0.075
 -0.070
 -0.065
 -0.060
 -0.055
 -0.055
 -0.060
 -0.065
 -0.070
 -0.070
 -0.070
 -0.065
 -0.055
 -0.040
 -0.030
 -0.020
 -0.020
 -0.030
 -0.040
 -0.060
 -0.080
 -0.095
 -0.105
 -0.105
 -0.100
 -0.085
 -0.070
 -0.055
 -0.040
 -0.035
 -0.035
 -0.045
 -0.060
 -0.080
 -0.095
 -0.110
 -0.115
 -0.115
 -0.110
 -0.100
 -0.095
 -0.085
 -0.080
 -0.080
 -0.080
 -0.085
 -0.085
 -0.090
 -0.090
 -0.090
 -0.085
 -0.085
 -0.085
 -0.080
 -0.085
 -0.085
 -0.085
 -0.085
 -0.085
 -0.085
 -0.080
 -0.070
 -0.060
 -0.045
 -0.035
 -0.015
 0.000
 0.015
 0.030
 0.035
 0.045
 0.045
 0.040
 0.035
 0.025
 0.020
 0.010
 0.000
 -0.005
 -0.010
 -0.020
 -0.025
 -0.030
 -0.035
 -0.035
 -0.035
 -0.035
 -0.035
 -0.030
 -0.030
 -0.035
 -0.040
 -0.050
 -0.065
 -0.080
 -0.095
 -0.100
 -0.100
 -0.095
 -0.085
 -0.070
 -0.060
 -0.050
 -0.050
 -0.060
 -0.075
 -0.100
 -0.125
 -0.145
 -0.165
 -0.175
 -0.175
 -0.165
 -0.145
 -0.115
 -0.075
 -0.025
 0.030
 0.100
 0.180
 0.270
 0.370
 0.475
 0.580
 0.675
 0.760
 0.825
 0.860
 0.865
 0.840
 0.780
 0.695
 0.590
 0.475
 0.360
 0.255
 0.165
 0.095
 0.050
 0.025
 0.010
 0.010
 0.015
 0.015
 0.010
 0.000
 -0.020
 -0.040
 -0.065
 -0.090
 -0.105
 -0.120
 -0.125
 -0.120
 -0.115
 -0.100
 -0.085
 -0.070
 -0.060
 -0.050
 -0.045
 -0.045
 -0.050
 -0.055
 -0.065
 -0.070
 -0.080
 -0.085
 -0.085
 -0.085
 -0.085
 -0.080
 -0.075
 -0.070
 -0.065
 -0.060
 -0.055
 -0.055
 -0.050
 -0.050
 -0.050
 -0.050
 -0.050
 -0.050
 -0.050
 -0.050
 -0.050
 -0.050
 -0.045
 -0.045
 -0.040
 -0.035
 -0.030
 -0.025
 -0.020
 -0.015
 -0.015
 -0.015
 -0.015
 -0.015
 -0.015
 -0.015
 -0.010
 -0.005
 0.000
 0.010
 0.020
 0.030
 0.035
 0.045
 0.050
 0.055
 0.060
 0.065
 0.065
 0.065
 0.065
 0.065
 0.065
 0.065
 0.065
 0.070
 0.075
 0.085
 0.100
 0.110
 0.125
 0.135
 0.150
 0.155
 0.160
 0.165
 0.170
 0.175
 0.180
 0.185
 0.190
 0.195
 0.195
 0.195
 0.195
 0.195
 0.195
 0.195
 0.195
 0.205
 0.215
 0.225
 0.240
 0.245
 0.250
 0.250
 0.240
 0.230
 0.215
 0.200
 0.190
 0.180
 0.170
 0.165
 0.160
 0.150
 0.135
 0.115
 0.090
 0.060
 0.035
 0.010
 -0.005
 -0.015
 -0.010
 -0.005
 0.010
 0.020
 0.035
 0.040
 0.040
 0.035
 0.025
 0.015
 0.000
 -0.010
 -0.015
 -0.020
 -0.020
 -0.015
 -0.015
 -0.015
 -0.010
 -0.010
 -0.010
 -0.010
 -0.015
 -0.015
 -0.015
 -0.015
 -0.020
 -0.020
 -0.020
 -0.025
 -0.025
 -0.025
 -0.025
 -0.020
 -0.020
 -0.015
 -0.010
 -0.005
 -0.005
 -0.005
 -0.010
 -0.010
 -0.015
 -0.020
 -0.025
 -0.025
 -0.030
 -0.025
 -0.025
 -0.025
 -0.020
 -0.020
 -0.020
 -0.015
 -0.015
 -0.015
 -0.010
 -0.005
 0.000
 0.010
 0.015
 0.015
 0.015
 0.015
 0.005
 -0.005
 -0.015
 -0.025
 -0.025
 -0.020
 -0.015
 0.000
 0.015
 0.025
 0.035
 0.035
 0.030
 0.020
 0.005
 -0.010
 -0.025
 -0.035
 -0.045
 -0.045
 -0.040
 -0.035
 -0.025
 -0.020
 -0.015
 -0.010
 -0.005
 -0.005
 -0.005
 -0.005
 -0.005
 -0.010
 -0.010
 -0.015
 -0.015
 -0.020
 -0.025
 -0.025
